minave_2016041920160419.grid
ncols 886
nrows 691
xllcenter 112.0000
yllcenter -44.5000
cellsize 0.0500
nodata_value 99999.90
[rows 544 to 577 of 691, columns 0 to 76 of 886]
16.69 16.67 16.66 16.63 16.61 16.60 16.57 16.55 16.52 16.51 16.48 16.45 16.42 16.39 16.37 16.34 16.30 16.27 16.23 16.19 16.15 16.11 16.07 16.03 15.98 15.93 15.89 15.84 15.78 15.73 15.68 15.62 15.55 15.49 15.43 15.36 15.29 15.22 15.16 15.10 15.06 15.02 14.97 14.94 14.89 14.85 14.80 14.76 14.71 14.67 14.62 14.57 14.53 14.48 14.43 14.38 14.34 14.28 14.24 14.20 14.17 14.14 14.12 14.10 14.08 14.05 14.03 14.01 13.99 13.97 13.95 13.93 13.91 13.89 13.88 13.86 13.84
16.68 16.66 16.64 16.63 16.61 16.58 16.57 16.55 16.52 16.50 16.48 16.45 16.42 16.40 16.37 16.33 16.30 16.28 16.24 16.21 16.17 16.13 16.09 16.05 16.01 15.96 15.92 15.87 15.82 15.76 15.71 15.65 15.60 15.54 15.48 15.41 15.35 15.28 15.21 15.14 15.08 15.02 14.98 14.94 14.90 14.86 14.81 14.78 14.73 14.69 14.64 14.60 14.55 14.51 14.46 14.41 14.37 14.32 14.27 14.22 14.18 14.14 14.10 14.07 14.04 14.03 14.00 13.98 13.96 13.94 13.92 13.90 13.88 13.87 13.85 13.83 13.81
16.66 16.64 16.63 16.61 16.59 16.58 16.56 16.53 16.52 16.49 16.47 16.44 16.43 16.40 16.37 16.34 16.31 16.28 16.24 16.21 16.17 16.14 16.11 16.07 16.03 15.99 15.94 15.89 15.84 15.79 15.74 15.69 15.64 15.59 15.52 15.46 15.41 15.35 15.27 15.21 15.14 15.07 15.01 14.96 14.91 14.87 14.82 14.79 14.74 14.71 14.66 14.62 14.57 14.53 14.49 14.45 14.40 14.36 14.31 14.27 14.22 14.18 14.13 14.09 14.04 14.01 13.98 13.96 13.93 13.92 13.89 13.88 13.85 13.84 13.82 13.80 13.79
16.65 16.63 16.61 16.60 16.58 16.56 16.55 16.53 16.51 16.48 16.47 16.44 16.42 16.39 16.36 16.34 16.31 16.28 16.25 16.22 16.19 16.15 16.11 16.08 16.04 16.00 15.96 15.92 15.87 15.83 15.78 15.73 15.68 15.62 15.57 15.52 15.46 15.39 15.33 15.27 15.21 15.14 15.08 15.01 14.94 14.89 14.84 14.80 14.76 14.72 14.68 14.64 14.60 14.55 14.52 14.47 14.43 14.39 14.35 14.30 14.26 14.21 14.17 14.12 14.09 14.04 14.00 13.96 13.92 13.89 13.87 13.85 13.83 13.81 13.80 13.77 13.76
16.63 16.62 16.60 16.58 16.57 16.55 16.53 16.51 16.50 16.48 16.45 16.43 16.42 16.39 16.36 16.34 16.31 16.28 16.26 16.23 16.20 16.16 16.13 16.09 16.06 16.02 15.98 15.94 15.90 15.86 15.81 15.76 15.71 15.66 15.61 15.56 15.51 15.45 15.39 15.33 15.28 15.21 15.15 15.08 15.01 14.95 14.88 14.82 14.78 14.73 14.69 14.65 14.62 14.57 14.54 14.49 14.46 14.41 14.37 14.34 14.29 14.25 14.21 14.17 14.12 14.09 14.04 14.00 13.96 13.92 13.89 13.85 13.82 13.80 13.78 13.75 13.74
16.62 16.60 16.58 16.57 16.56 16.54 16.53 16.51 16.48 16.46 16.45 16.43 16.40 16.38 16.36 16.34 16.31 16.28 16.25 16.23 16.19 16.16 16.14 16.11 16.07 16.04 15.99 15.96 15.91 15.87 15.83 15.79 15.74 15.70 15.65 15.60 15.55 15.50 15.44 15.39 15.33 15.27 15.21 15.16 15.09 15.02 14.96 14.89 14.83 14.76 14.71 14.68 14.63 14.60 14.55 14.52 14.47 14.44 14.40 14.36 14.32 14.28 14.25 14.20 14.17 14.12 14.09 14.05 14.01 13.97 13.94 13.90 13.86 13.83 13.79 13.76 13.74
16.60 16.59 16.57 16.55 16.55 16.53 16.51 16.49 16.48 16.46 16.44 16.42 16.40 16.38 16.35 16.33 16.30 16.29 16.26 16.23 16.20 16.17 16.14 16.11 16.08 16.04 16.01 15.97 15.93 15.90 15.86 15.82 15.78 15.73 15.68 15.63 15.59 15.54 15.49 15.44 15.38 15.33 15.27 15.21 15.15 15.10 15.04 14.97 14.91 14.84 14.78 14.72 14.66 14.61 14.57 14.53 14.50 14.46 14.43 14.38 14.35 14.32 14.27 14.24 14.20 14.16 14.12 14.09 14.06 14.01 13.98 13.95 13.92 13.88 13.85 13.81 13.78
16.59 16.57 16.55 16.54 16.53 16.51 16.50 16.48 16.46 16.45 16.43 16.41 16.39 16.36 16.35 16.33 16.30 16.28 16.25 16.23 16.21 16.18 16.15 16.12 16.09 16.06 16.02 15.99 15.95 15.92 15.88 15.84 15.79 15.75 15.71 15.67 15.63 15.58 15.54 15.48 15.43 15.38 15.33 15.27 15.22 15.16 15.11 15.04 14.99 14.93 14.86 14.80 14.73 14.68 14.62 14.56 14.52 14.49 14.44 14.41 14.37 14.34 14.30 14.26 14.23 14.19 14.16 14.13 14.09 14.06 14.03 13.99 13.96 13.93 13.90 13.87 13.83
16.56 16.56 16.54 16.52 16.52 16.50 16.48 16.47 16.45 16.43 16.41 16.40 16.38 16.36 16.34 16.32 16.30 16.28 16.25 16.23 16.20 16.17 16.15 16.12 16.09 16.07 16.04 15.99 15.96 15.93 15.89 15.86 15.82 15.78 15.74 15.70 15.66 15.62 15.57 15.52 15.48 15.43 15.38 15.32 15.28 15.23 15.16 15.11 15.06 15.01 14.94 14.89 14.82 14.76 14.70 14.64 14.58 14.53 14.47 14.43 14.40 14.36 14.33 14.30 14.26 14.23 14.20 14.16 14.13 14.10 14.06 14.03 14.00 13.97 13.95 13.91 13.88
16.55 16.54 16.53 16.51 16.50 16.49 16.47 16.45 16.44 16.43 16.41 16.39 16.37 16.36 16.33 16.31 16.29 16.27 16.24 16.23 16.20 16.18 16.15 16.12 16.10 16.07 16.04 16.01 15.98 15.94 15.91 15.88 15.84 15.81 15.77 15.73 15.69 15.64 15.60 15.56 15.52 15.47 15.42 15.38 15.33 15.28 15.22 15.18 15.13 15.08 15.01 14.96 14.91 14.85 14.79 14.74 14.67 14.62 14.56 14.50 14.45 14.40 14.35 14.32 14.29 14.25 14.22 14.19 14.15 14.12 14.10 14.07 14.04 14.00 13.98 13.95 13.93
16.53 16.52 16.51 16.49 16.49 16.47 16.45 16.44 16.43 16.41 16.39 16.38 16.36 16.34 16.32 16.31 16.29 16.27 16.24 16.22 16.19 16.17 16.15 16.13 16.10 16.07 16.05 16.02 15.99 15.96 15.93 15.89 15.86 15.83 15.79 15.75 15.71 15.67 15.63 15.60 15.56 15.51 15.46 15.42 15.38 15.33 15.28 15.23 15.19 15.14 15.08 15.03 14.98 14.93 14.87 14.82 14.77 14.71 14.65 14.60 14.54 14.49 14.44 14.38 14.33 14.29 14.24 14.21 14.18 14.16 14.12 14.09 14.07 14.04 14.02 13.99 13.96
16.52 16.50 16.49 16.48 16.46 16.46 16.44 16.42 16.41 16.40 16.38 16.36 16.34 16.33 16.31 16.29 16.27 16.26 16.24 16.22 16.19 16.17 16.15 16.12 16.10 16.07 16.05 16.02 15.99 15.96 15.94 15.90 15.87 15.84 15.80 15.77 15.74 15.70 15.66 15.63 15.59 15.54 15.50 15.46 15.42 15.38 15.33 15.28 15.24 15.20 15.14 15.10 15.05 15.00 14.95 14.90 14.85 14.79 14.74 14.69 14.64 14.58 14.53 14.48 14.42 14.37 14.33 14.28 14.23 14.19 14.16 14.13 14.10 14.06 14.04 14.02 13.99
16.49 16.49 16.47 16.46 16.45 16.44 16.42 16.41 16.40 16.38 16.37 16.35 16.34 16.32 16.30 16.29 16.27 16.25 16.23 16.21 16.19 16.17 16.15 16.12 16.10 16.07 16.05 16.02 16.00 15.97 15.94 15.91 15.88 15.85 15.82 15.79 15.76 15.72 15.69 15.65 15.61 15.57 15.54 15.50 15.46 15.41 15.37 15.33 15.29 15.25 15.20 15.15 15.11 15.07 15.01 14.97 14.92 14.88 14.82 14.77 14.73 14.68 14.62 14.58 14.53 14.47 14.43 14.38 14.33 14.29 14.23 14.19 14.15 14.11 14.08 14.06 14.02
16.48 16.46 16.46 16.44 16.43 16.42 16.41 16.39 16.39 16.37 16.35 16.33 16.33 16.31 16.29 16.27 16.25 16.24 16.22 16.20 16.18 16.16 16.14 16.11 16.10 16.08 16.05 16.03 16.00 15.98 15.95 15.92 15.89 15.87 15.84 15.81 15.78 15.73 15.70 15.67 15.64 15.60 15.57 15.53 15.50 15.45 15.41 15.37 15.34 15.30 15.25 15.21 15.17 15.13 15.07 15.03 14.99 14.95 14.89 14.85 14.81 14.76 14.71 14.67 14.62 14.58 14.53 14.48 14.44 14.39 14.35 14.31 14.26 14.21 14.17 14.13 14.10
16.45 16.45 16.44 16.42 16.42 16.40 16.39 16.38 16.36 16.35 16.34 16.32 16.31 16.29 16.28 16.26 16.25 16.23 16.21 16.20 16.18 16.16 16.14 16.11 16.09 16.07 16.05 16.02 16.00 15.97 15.96 15.93 15.89 15.88 15.85 15.81 15.78 15.75 15.72 15.69 15.66 15.63 15.60 15.56 15.53 15.48 15.45 15.41 15.38 15.34 15.29 15.26 15.22 15.18 15.14 15.09 15.05 15.01 14.97 14.92 14.88 14.84 14.80 14.76 14.70 14.66 14.62 14.58 14.54 14.49 14.45 14.41 14.37 14.33 14.29 14.24 14.20
16.44 16.43 16.42 16.41 16.39 16.39 16.37 16.36 16.35 16.34 16.32 16.30 16.30 16.28 16.26 16.25 16.24 16.22 16.20 16.18 16.16 16.14 16.13 16.11 16.09 16.07 16.05 16.02 16.00 15.98 15.95 15.93 15.90 15.88 15.85 15.82 15.80 15.77 15.74 15.71 15.68 15.65 15.62 15.59 15.55 15.51 15.48 15.45 15.41 15.38 15.33 15.30 15.26 15.23 15.19 15.14 15.11 15.07 15.03 14.99 14.94 14.91 14.87 14.83 14.79 14.74 14.70 14.66 14.63 14.59 14.54 14.50 14.46 14.43 14.39 14.35 14.32
16.38 16.40 16.39 16.38 16.38 16.37 16.36 16.35 16.33 16.32 16.31 16.29 16.28 16.26 16.25 16.24 16.22 16.20 16.18 16.18 16.16 16.14 16.12 16.10 16.08 16.07 16.05 16.02 16.00 15.98 15.96 15.93 15.91 15.88 15.86 15.83 15.81 15.78 15.75 15.73 15.70 15.66 15.63 15.60 15.57 15.54 15.51 15.48 15.45 15.40 15.37 15.34 15.30 15.27 15.24 15.20 15.16 15.12 15.08 15.05 15.01 14.97 14.93 14.89 14.86 14.82 14.79 14.74 14.70 14.67 14.63 14.60 14.56 14.52 14.48 14.45 14.41
16.34 16.35 16.36 16.36 16.35 16.35 16.34 16.32 16.32 16.30 16.29 16.27 16.27 16.25 16.23 16.23 16.21 16.19 16.18 16.16 16.14 16.13 16.11 16.09 16.07 16.05 16.03 16.01 15.99 15.97 15.96 15.94 15.91 15.89 15.87 15.84 15.82 15.79 15.77 15.74 15.70 15.68 15.65 15.62 15.59 15.56 15.53 15.50 15.47 15.43 15.40 15.37 15.34 15.31 15.28 15.23 15.20 15.17 15.13 15.10 15.07 15.03 14.99 14.95 14.92 14.89 14.85 14.81 14.77 14.74 14.71 14.67 14.64 14.61 14.58 14.54 14.51
16.28 16.30 16.31 16.32 16.33 16.32 16.31 16.31 16.30 16.28 16.28 16.26 16.25 16.23 16.22 16.21 16.19 16.17 16.17 16.15 16.13 16.11 16.10 16.08 16.07 16.05 16.03 16.01 15.99 15.97 15.95 15.93 15.91 15.88 15.86 15.84 15.81 15.79 15.77 15.74 15.72 15.69 15.66 15.64 15.61 15.58 15.56 15.53 15.49 15.46 15.43 15.40 15.37 15.34 15.31 15.28 15.24 15.21 15.18 15.15 15.11 15.08 15.04 15.01 14.98 14.94 14.91 14.88 14.85 14.81 14.77 14.74 14.71 14.68 14.65 14.62 14.59
16.23 16.24 16.25 16.27 16.28 16.29 16.29 16.28 16.28 16.27 16.25 16.24 16.23 16.22 16.20 16.20 16.18 16.16 16.15 16.13 16.12 16.11 16.09 16.07 16.05 16.04 16.02 16.01 15.99 15.97 15.95 15.93 15.91 15.88 15.86 15.84 15.82 15.80 15.77 15.75 15.73 15.70 15.68 15.65 15.63 15.60 15.56 15.54 15.51 15.48 15.46 15.43 15.40 15.37 15.34 15.30 15.27 15.25 15.22 15.19 15.16 15.13 15.09 15.06 15.03 15.00 14.97 14.94 14.91 14.88 14.85 14.82 14.78 14.75 14.72 14.69 14.66
16.18 16.19 16.20 16.21 16.23 16.24 16.24 16.26 16.25 16.24 16.24 16.23 16.21 16.20 16.19 16.18 16.16 16.14 16.14 16.12 16.11 16.09 16.08 16.06 16.05 16.03 16.01 15.99 15.97 15.95 15.95 15.93 15.91 15.89 15.86 15.84 15.82 15.80 15.78 15.76 15.73 15.71 15.69 15.66 15.63 15.61 15.58 15.55 15.53 15.50 15.48 15.45 15.42 15.40 15.37 15.34 15.31 15.28 15.25 15.22 15.19 15.17 15.14 15.11 15.07 15.04 15.01 14.99 14.96 14.93 14.90 14.87 14.85 14.82 14.78 14.75 14.73
16.13 16.14 16.16 16.16 16.17 16.19 16.20 16.20 16.22 16.22 16.21 16.20 16.20 16.18 16.17 16.16 16.15 16.13 16.12 16.11 16.10 16.08 16.06 16.05 16.03 16.01 16.00 15.99 15.97 15.95 15.93 15.91 15.89 15.87 15.85 15.83 15.81 15.79 15.78 15.76 15.73 15.71 15.68 15.66 15.64 15.62 15.59 15.57 15.54 15.52 15.49 15.47 15.44 15.42 15.39 15.37 15.33 15.31 15.28 15.25 15.23 15.20 15.17 15.15 15.12 15.08 15.06 15.03 15.00 14.98 14.95 14.92 14.90 14.87 14.85 14.81 14.79
16.08 16.10 16.10 16.11 16.13 16.13 16.14 16.16 16.16 16.17 16.18 16.18 16.17 16.17 16.16 16.14 16.13 16.12 16.11 16.09 16.08 16.06 16.05 16.04 16.02 16.00 15.99 15.97 15.96 15.94 15.93 15.91 15.89 15.87 15.85 15.83 15.81 15.79 15.77 15.75 15.73 15.71 15.69 15.67 15.65 15.62 15.60 15.58 15.56 15.53 15.51 15.49 15.46 15.44 15.40 15.38 15.36 15.33 15.31 15.28 15.26 15.23 15.21 15.18 15.14 15.12 15.09 15.07 15.04 15.02 14.99 14.97 14.94 14.92 14.90 14.87 14.85
16.04 16.05 16.05 16.07 16.07 16.08 16.09 16.10 16.12 16.12 16.13 16.14 16.15 16.14 16.13 16.13 16.11 16.10 16.08 16.08 16.06 16.05 16.03 16.02 16.00 16.00 15.98 15.96 15.95 15.93 15.91 15.89 15.88 15.87 15.85 15.83 15.81 15.79 15.77 15.75 15.73 15.71 15.69 15.67 15.65 15.63 15.61 15.59 15.57 15.54 15.52 15.50 15.47 15.45 15.42 15.40 15.37 15.35 15.33 15.30 15.28 15.26 15.23 15.21 15.18 15.15 15.13 15.10 15.08 15.06 15.03 15.01 14.99 14.96 14.94 14.92 14.89
16.00 16.01 16.01 16.02 16.03 16.04 16.04 16.06 16.06 16.07 16.08 16.09 16.09 16.11 16.11 16.10 16.09 16.09 16.07 16.06 16.04 16.04 16.02 16.01 15.99 15.98 15.96 15.95 15.94 15.92 15.90 15.89 15.87 15.85 15.83 15.82 15.80 15.79 15.77 15.75 15.73 15.71 15.70 15.68 15.66 15.64 15.62 15.59 15.57 15.54 15.53 15.51 15.48 15.46 15.44 15.41 15.39 15.37 15.35 15.32 15.30 15.28 15.26 15.23 15.21 15.18 15.16 15.13 15.11 15.09 15.07 15.04 15.02 15.00 14.98 14.96 14.93
15.96 15.96 15.97 15.98 15.98 15.99 16.00 16.00 16.01 16.02 16.03 16.04 16.04 16.05 16.05 16.07 16.07 16.06 16.05 16.04 16.03 16.02 16.00 15.99 15.98 15.97 15.95 15.93 15.92 15.90 15.90 15.88 15.86 15.85 15.83 15.81 15.79 15.78 15.76 15.74 15.72 15.70 15.69 15.67 15.65 15.63 15.61 15.59 15.57 15.55 15.53 15.51 15.49 15.47 15.45 15.43 15.40 15.38 15.36 15.34 15.32 15.30 15.28 15.25 15.23 15.21 15.19 15.16 15.14 15.12 15.09 15.07 15.05 15.03 15.01 14.99 14.97
15.92 15.92 15.93 15.93 15.94 15.95 15.95 15.96 15.97 15.97 15.98 15.99 15.99 16.00 16.01 16.01 16.02 16.03 16.03 16.02 16.01 16.00 15.99 15.97 15.96 15.94 15.94 15.92 15.91 15.89 15.88 15.86 15.85 15.84 15.82 15.81 15.79 15.77 15.75 15.74 15.72 15.70 15.68 15.67 15.65 15.63 15.61 15.59 15.57 15.55 15.53 15.51 15.49 15.48 15.46 15.44 15.42 15.39 15.37 15.35 15.33 15.31 15.29 15.27 15.25 15.22 15.21 15.18 15.16 15.14 15.12 15.10 15.08 15.06 15.04 15.02 15.00
15.87 15.88 15.88 15.90 15.90 15.90 15.91 15.91 15.93 15.93 15.93 15.93 15.95 15.95 15.95 15.97 15.97 15.97 15.99 15.99 15.99 15.98 15.97 15.96 15.95 15.93 15.92 15.90 15.89 15.88 15.87 15.85 15.84 15.82 15.80 15.79 15.78 15.77 15.75 15.73 15.72 15.70 15.68 15.66 15.65 15.63 15.61 15.59 15.57 15.56 15.54 15.52 15.50 15.48 15.46 15.44 15.42 15.40 15.38 15.37 15.35 15.33 15.31 15.29 15.27 15.24 15.22 15.20 15.18 15.16 15.14 15.12 15.10 15.08 15.06 15.04 15.03
15.84 15.84 15.85 15.85 15.86 15.86 15.86 15.88 15.88 15.88 15.89 15.89 15.89 15.91 15.91 15.91 15.91 15.93 15.93 15.93 15.93 15.95 15.94 15.94 15.92 15.91 15.91 15.89 15.88 15.86 15.85 15.83 15.83 15.81 15.80 15.78 15.76 15.75 15.73 15.72 15.70 15.69 15.68 15.66 15.64 15.63 15.61 15.59 15.57 15.56 15.54 15.52 15.50 15.48 15.47 15.45 15.43 15.41 15.39 15.37 15.35 15.34 15.32 15.29 15.28 15.26 15.23 15.21 15.19 15.18 15.16 15.14 15.12 15.10 15.08 15.07 15.05
15.80 15.81 15.81 15.82 15.82 15.82 15.83 15.83 15.83 15.84 15.84 15.84 15.85 15.86 15.86 15.87 15.87 15.87 15.88 15.89 15.89 15.89 15.89 15.90 15.90 15.89 15.88 15.88 15.87 15.85 15.84 15.82 15.81 15.79 15.79 15.77 15.76 15.74 15.73 15.71 15.69 15.68 15.66 15.64 15.63 15.61 15.60 15.59 15.57 15.54 15.54 15.52 15.50 15.49 15.47 15.45 15.43 15.41 15.39 15.38 15.36 15.34 15.32 15.30 15.28 15.26 15.24 15.23 15.21 15.19 15.17 15.15 15.14 15.12 15.10 15.08 15.07
15.77 15.77 15.78 15.78 15.78 15.79 15.79 15.79 15.80 15.80 15.81 15.81 15.81 15.82 15.82 15.82 15.82 15.83 15.83 15.83 15.84 15.85 15.85 15.85 15.85 15.86 15.86 15.85 15.84 15.83 15.83 15.81 15.80 15.78 15.77 15.75 15.74 15.72 15.72 15.70 15.69 15.67 15.65 15.64 15.62 15.61 15.59 15.57 15.56 15.54 15.53 15.51 15.49 15.48 15.46 15.44 15.42 15.41 15.39 15.37 15.36 15.34 15.32 15.30 15.29 15.27 15.25 15.23 15.22 15.20 15.18 15.17 15.15 15.13 15.12 15.10 15.08
15.73 15.74 15.74 15.74 15.75 15.75 15.75 15.75 15.75 15.76 15.76 15.76 15.77 15.77 15.77 15.78 15.78 15.78 15.79 15.79 15.79 15.79 15.79 15.80 15.81 15.81 15.81 15.82 15.81 15.81 15.80 15.79 15.78 15.77 15.76 15.74 15.73 15.71 15.70 15.68 15.67 15.66 15.65 15.63 15.62 15.60 15.59 15.57 15.55 15.54 15.52 15.51 15.49 15.47 15.46 15.44 15.42 15.41 15.39 15.37 15.36 15.34 15.32 15.31 15.29 15.27 15.26 15.24 15.23 15.21 15.19 15.18 15.16 15.14 15.13 15.11 15.09
15.71 15.70 15.71 15.71 15.71 15.72 15.71 15.71 15.72 15.72 15.72 15.73 15.73 15.74 15.73 15.73 15.73 15.74 15.74 15.74 15.74 15.75 15.75 15.75 15.75 15.76 15.76 15.76 15.76 15.76 15.77 15.77 15.76 15.75 15.73 15.72 15.72 15.70 15.69 15.67 15.66 15.64 15.63 15.61 15.61 15.59 15.58 15.56 15.55 15.53 15.52 15.50 15.49 15.47 15.45 15.44 15.42 15.41 15.39 15.37 15.36 15.34 15.33 15.31 15.29 15.28 15.26 15.25 15.23 15.21 15.20 15.18 15.17 15.15 15.14 15.12 15.10
15.67 15.68 15.67 15.67 15.68 15.68 15.68 15.68 15.68 15.69 15.69 15.68 15.69 15.69 15.69 15.70 15.70 15.70 15.71 15.70 15.70 15.70 15.71 15.71 15.71 15.71 15.71 15.72 15.72 15.72 15.72 15.72 15.72 15.72 15.72 15.71 15.69 15.68 15.68 15.66 15.65 15.63 15.62 15.60 15.59 15.58 15.56 15.55 15.53 15.53 15.51 15.50 15.48 15.46 15.45 15.43 15.42 15.40 15.39 15.37 15.36 15.34 15.33 15.31 15.29 15.28 15.26 15.25 15.23 15.22 15.20 15.19 15.17 15.16 15.14 15.13 15.11
