minave_2016042020160420.grid
ncols 886
nrows 691
xllcenter 112.0000
yllcenter -44.5000
cellsize 0.0500
nodata_value 99999.90
[rows 0 to 33 of 691, columns 462 to 538 of 886]
25.86 25.84 25.83 25.81 25.80 25.77 25.75 25.73 25.71 25.69 25.67 25.64 25.62 25.60 25.58 25.55 25.52 25.50 25.48 25.45 25.43 25.41 25.38 25.36 25.33 25.31 25.28 25.26 25.24 25.21 25.19 25.16 25.13 25.11 25.08 25.05 25.03 25.01 24.98 24.96 24.95 24.93 24.92 24.90 24.89 24.88 24.87 24.87 24.87 24.87 24.87 24.87 24.88 24.88 24.90 24.90 24.91 24.93 24.95 24.97 24.99 25.02 25.04 25.06 25.10 25.13 25.17 25.20 25.24 25.28 25.32 25.37 25.41 25.46 25.51 25.56 25.61
25.83 25.80 25.79 25.77 25.76 25.73 25.71 25.69 25.67 25.65 25.62 25.60 25.58 25.56 25.54 25.51 25.48 25.46 25.44 25.41 25.39 25.37 25.34 25.32 25.29 25.27 25.24 25.22 25.20 25.17 25.15 25.12 25.10 25.07 25.05 25.02 25.00 24.97 24.95 24.94 24.92 24.90 24.88 24.86 24.86 24.84 24.83 24.83 24.82 24.82 24.82 24.83 24.83 24.83 24.85 24.86 24.87 24.88 24.90 24.92 24.94 24.97 24.99 25.02 25.05 25.09 25.12 25.16 25.19 25.23 25.28 25.31 25.37 25.41 25.46 25.51 25.57
25.79 25.76 25.75 25.73 25.71 25.69 25.67 25.65 25.63 25.61 25.58 25.56 25.54 25.52 25.50 25.48 25.44 25.42 25.40 25.37 25.35 25.32 25.30 25.28 25.25 25.23 25.20 25.18 25.15 25.13 25.11 25.08 25.06 25.04 25.01 24.99 24.96 24.94 24.92 24.90 24.88 24.86 24.84 24.83 24.82 24.80 24.79 24.79 24.78 24.77 24.78 24.78 24.78 24.79 24.80 24.82 24.83 24.84 24.86 24.87 24.90 24.92 24.95 24.97 25.00 25.04 25.07 25.11 25.14 25.19 25.22 25.27 25.32 25.37 25.41 25.47 25.52
25.75 25.72 25.71 25.69 25.68 25.65 25.63 25.61 25.59 25.57 25.54 25.52 25.50 25.48 25.46 25.43 25.40 25.38 25.35 25.33 25.31 25.28 25.26 25.23 25.21 25.19 25.16 25.14 25.11 25.09 25.07 25.04 25.02 25.00 24.97 24.95 24.93 24.91 24.89 24.87 24.85 24.83 24.81 24.80 24.78 24.77 24.75 24.75 24.74 24.73 24.73 24.73 24.74 24.75 24.75 24.77 24.78 24.80 24.81 24.82 24.85 24.87 24.90 24.92 24.96 24.99 25.03 25.06 25.10 25.14 25.18 25.22 25.27 25.32 25.37 25.42 25.48
25.71 25.68 25.67 25.65 25.64 25.61 25.59 25.57 25.55 25.52 25.50 25.48 25.46 25.44 25.42 25.39 25.36 25.34 25.31 25.29 25.27 25.24 25.22 25.19 25.17 25.14 25.12 25.10 25.07 25.05 25.02 25.00 24.98 24.96 24.93 24.91 24.89 24.87 24.86 24.83 24.81 24.79 24.77 24.76 24.74 24.73 24.71 24.71 24.70 24.70 24.69 24.68 24.69 24.70 24.70 24.72 24.73 24.75 24.76 24.78 24.80 24.83 24.85 24.88 24.91 24.95 24.97 25.02 25.05 25.09 25.13 25.18 25.22 25.27 25.32 25.38 25.42
25.67 25.64 25.63 25.61 25.59 25.57 25.55 25.53 25.51 25.48 25.46 25.44 25.42 25.40 25.37 25.34 25.32 25.29 25.27 25.25 25.22 25.20 25.18 25.15 25.13 25.10 25.08 25.05 25.03 25.01 24.98 24.96 24.94 24.91 24.89 24.87 24.85 24.83 24.81 24.80 24.78 24.75 24.73 24.73 24.71 24.69 24.68 24.67 24.66 24.66 24.65 24.64 24.65 24.65 24.66 24.67 24.69 24.70 24.71 24.73 24.75 24.78 24.80 24.83 24.86 24.89 24.92 24.96 25.00 25.04 25.09 25.13 25.18 25.22 25.28 25.32 25.38
25.63 25.60 25.59 25.57 25.54 25.53 25.51 25.49 25.47 25.45 25.42 25.40 25.38 25.35 25.33 25.30 25.28 25.25 25.23 25.21 25.18 25.16 25.13 25.11 25.08 25.06 25.04 25.01 24.99 24.96 24.94 24.92 24.89 24.87 24.85 24.83 24.81 24.78 24.77 24.75 24.73 24.72 24.70 24.69 24.67 24.65 24.65 24.63 24.62 24.62 24.61 24.61 24.60 24.60 24.61 24.62 24.64 24.65 24.67 24.68 24.71 24.73 24.76 24.78 24.82 24.84 24.88 24.91 24.95 24.99 25.04 25.08 25.13 25.17 25.22 25.28 25.33
25.59 25.56 25.55 25.53 25.51 25.48 25.47 25.45 25.43 25.41 25.38 25.35 25.33 25.31 25.29 25.26 25.23 25.21 25.19 25.16 25.14 25.11 25.09 25.07 25.04 25.02 24.99 24.97 24.95 24.92 24.90 24.88 24.85 24.83 24.81 24.79 24.76 24.74 24.73 24.71 24.69 24.67 24.67 24.65 24.63 24.61 24.61 24.59 24.58 24.58 24.57 24.57 24.56 24.56 24.56 24.57 24.58 24.59 24.62 24.63 24.66 24.68 24.71 24.73 24.76 24.80 24.83 24.87 24.90 24.95 24.98 25.03 25.07 25.12 25.17 25.22 25.28
25.54 25.52 25.51 25.49 25.46 25.44 25.42 25.40 25.38 25.35 25.33 25.31 25.29 25.27 25.25 25.21 25.19 25.17 25.14 25.12 25.10 25.07 25.05 25.02 25.00 24.98 24.95 24.93 24.89 24.88 24.86 24.83 24.81 24.79 24.77 24.74 24.72 24.70 24.68 24.67 24.65 24.63 24.61 24.61 24.59 24.57 24.57 24.55 24.55 24.54 24.53 24.53 24.52 24.52 24.52 24.53 24.53 24.55 24.56 24.59 24.60 24.63 24.65 24.69 24.71 24.75 24.78 24.82 24.86 24.89 24.94 24.98 25.03 25.07 25.12 25.17 25.23
25.50 25.48 25.46 25.45 25.42 25.40 25.38 25.36 25.34 25.31 25.29 25.27 25.25 25.23 25.20 25.18 25.15 25.12 25.10 25.08 25.05 25.03 25.00 24.98 24.96 24.92 24.91 24.88 24.86 24.84 24.80 24.79 24.77 24.74 24.72 24.70 24.68 24.66 24.64 24.63 24.61 24.59 24.58 24.56 24.55 24.53 24.53 24.51 24.51 24.50 24.49 24.49 24.48 24.48 24.48 24.49 24.49 24.50 24.51 24.53 24.55 24.58 24.61 24.63 24.67 24.69 24.73 24.76 24.80 24.84 24.88 24.93 24.97 25.02 25.07 25.12 25.18
25.45 25.44 25.42 25.39 25.38 25.36 25.34 25.32 25.30 25.27 25.25 25.23 25.20 25.18 25.16 25.14 25.10 25.08 25.06 25.03 25.01 24.99 24.96 24.94 24.90 24.89 24.86 24.83 24.81 24.78 24.76 24.74 24.72 24.70 24.68 24.66 24.64 24.62 24.60 24.59 24.57 24.55 24.54 24.52 24.51 24.50 24.49 24.47 24.47 24.46 24.45 24.45 24.44 24.44 24.44 24.44 24.44 24.45 24.46 24.48 24.51 24.52 24.56 24.58 24.61 24.64 24.68 24.72 24.75 24.79 24.83 24.88 24.93 24.97 25.02 25.07 25.12
25.41 25.40 25.38 25.35 25.33 25.31 25.29 25.27 25.24 25.22 25.20 25.18 25.16 25.14 25.11 25.08 25.06 25.04 25.01 24.99 24.97 24.94 24.92 24.89 24.86 24.84 24.81 24.79 24.76 24.74 24.72 24.69 24.68 24.66 24.64 24.61 24.59 24.57 24.55 24.54 24.52 24.50 24.49 24.48 24.46 24.45 24.44 24.43 24.43 24.41 24.41 24.40 24.41 24.40 24.40 24.40 24.41 24.41 24.42 24.43 24.45 24.47 24.50 24.53 24.56 24.59 24.62 24.66 24.70 24.74 24.78 24.83 24.87 24.92 24.97 25.02 25.07
25.37 25.35 25.34 25.31 25.29 25.27 25.25 25.23 25.20 25.18 25.16 25.14 25.11 25.09 25.07 25.04 25.01 24.99 24.97 24.94 24.92 24.90 24.87 24.84 24.82 24.79 24.77 24.74 24.72 24.70 24.67 24.65 24.63 24.61 24.59 24.57 24.55 24.53 24.51 24.50 24.48 24.46 24.44 24.44 24.42 24.41 24.40 24.39 24.38 24.37 24.37 24.36 24.36 24.36 24.36 24.36 24.37 24.37 24.38 24.39 24.40 24.43 24.44 24.48 24.50 24.54 24.58 24.61 24.65 24.69 24.73 24.78 24.83 24.87 24.92 24.96 25.02
25.33 25.30 25.28 25.26 25.25 25.23 25.21 25.18 25.16 25.13 25.11 25.09 25.07 25.05 25.01 24.99 24.97 24.95 24.92 24.90 24.88 24.85 24.82 24.79 24.77 24.75 24.72 24.70 24.68 24.65 24.63 24.61 24.58 24.56 24.55 24.53 24.51 24.49 24.47 24.45 24.44 24.42 24.40 24.39 24.38 24.36 24.36 24.34 24.34 24.33 24.33 24.32 24.32 24.31 24.32 24.31 24.32 24.33 24.33 24.35 24.35 24.37 24.40 24.42 24.46 24.49 24.52 24.56 24.59 24.64 24.68 24.72 24.77 24.82 24.86 24.92 24.96
25.29 25.26 25.24 25.22 25.20 25.18 25.15 25.13 25.11 25.09 25.07 25.05 25.02 25.00 24.98 24.95 24.92 24.90 24.88 24.85 24.83 24.80 24.77 24.75 24.73 24.70 24.68 24.66 24.63 24.61 24.59 24.56 24.54 24.52 24.50 24.48 24.46 24.44 24.42 24.40 24.39 24.37 24.36 24.35 24.33 24.32 24.31 24.30 24.30 24.28 24.28 24.27 24.28 24.27 24.27 24.28 24.28 24.29 24.29 24.30 24.32 24.33 24.35 24.38 24.40 24.43 24.46 24.50 24.55 24.58 24.62 24.67 24.71 24.76 24.81 24.86 24.91
25.23 25.22 25.20 25.18 25.16 25.14 25.11 25.09 25.07 25.04 25.02 25.00 24.98 24.95 24.92 24.90 24.88 24.85 24.83 24.81 24.78 24.75 24.73 24.70 24.68 24.66 24.63 24.61 24.59 24.56 24.54 24.52 24.50 24.47 24.45 24.43 24.42 24.40 24.38 24.36 24.35 24.33 24.31 24.31 24.29 24.27 24.27 24.26 24.25 24.24 24.24 24.23 24.23 24.23 24.23 24.24 24.23 24.24 24.25 24.26 24.27 24.29 24.30 24.32 24.34 24.38 24.42 24.45 24.49 24.53 24.58 24.61 24.66 24.70 24.76 24.81 24.86
25.19 25.18 25.16 25.14 25.11 25.08 25.06 25.04 25.02 25.00 24.97 24.95 24.93 24.90 24.87 24.85 24.83 24.81 24.78 24.76 24.73 24.70 24.68 24.66 24.63 24.61 24.59 24.56 24.54 24.52 24.50 24.47 24.45 24.43 24.41 24.39 24.36 24.35 24.33 24.31 24.30 24.29 24.27 24.25 24.25 24.23 24.23 24.21 24.21 24.20 24.20 24.20 24.19 24.19 24.19 24.19 24.20 24.20 24.21 24.21 24.23 24.24 24.26 24.27 24.30 24.33 24.36 24.40 24.44 24.47 24.52 24.57 24.60 24.65 24.71 24.75 24.80
25.16 25.14 25.12 25.09 25.06 25.04 25.02 25.00 24.97 24.95 24.93 24.90 24.88 24.86 24.83 24.80 24.78 24.76 24.73 24.71 24.68 24.66 24.63 24.61 24.59 24.56 24.54 24.52 24.50 24.47 24.45 24.43 24.41 24.38 24.36 24.34 24.32 24.30 24.29 24.27 24.25 24.24 24.22 24.21 24.20 24.19 24.18 24.17 24.16 24.15 24.15 24.14 24.14 24.15 24.14 24.15 24.15 24.15 24.16 24.17 24.18 24.20 24.22 24.23 24.25 24.28 24.31 24.34 24.38 24.42 24.46 24.51 24.55 24.59 24.65 24.70 24.75
25.11 25.09 25.07 25.04 25.02 25.00 24.97 24.95 24.93 24.90 24.88 24.86 24.83 24.80 24.78 24.75 24.73 24.71 24.69 24.65 24.63 24.61 24.59 24.56 24.54 24.52 24.49 24.46 24.45 24.42 24.39 24.38 24.36 24.34 24.32 24.30 24.27 24.25 24.24 24.22 24.21 24.20 24.18 24.16 24.16 24.14 24.14 24.12 24.12 24.11 24.11 24.11 24.10 24.10 24.11 24.10 24.11 24.11 24.12 24.13 24.14 24.15 24.17 24.19 24.20 24.23 24.26 24.29 24.32 24.36 24.41 24.45 24.49 24.54 24.60 24.64 24.69
25.07 25.05 25.03 25.01 24.98 24.96 24.93 24.91 24.88 24.86 24.83 24.81 24.77 24.75 24.73 24.70 24.68 24.66 24.64 24.61 24.58 24.56 24.54 24.51 24.49 24.47 24.45 24.41 24.39 24.37 24.35 24.33 24.30 24.29 24.27 24.25 24.23 24.21 24.19 24.18 24.16 24.14 24.14 24.12 24.11 24.10 24.09 24.08 24.08 24.06 24.06 24.06 24.05 24.06 24.06 24.06 24.06 24.07 24.07 24.08 24.10 24.11 24.12 24.14 24.16 24.19 24.21 24.24 24.27 24.30 24.35 24.40 24.44 24.48 24.53 24.59 24.64
25.04 25.02 25.00 24.97 24.94 24.92 24.89 24.86 24.83 24.81 24.78 24.76 24.73 24.70 24.67 24.65 24.63 24.61 24.58 24.55 24.53 24.51 24.49 24.47 24.43 24.41 24.39 24.37 24.35 24.32 24.30 24.28 24.26 24.24 24.21 24.20 24.18 24.16 24.14 24.13 24.12 24.10 24.09 24.07 24.07 24.05 24.05 24.03 24.03 24.02 24.02 24.02 24.01 24.01 24.02 24.02 24.02 24.02 24.03 24.04 24.05 24.06 24.08 24.09 24.11 24.14 24.17 24.19 24.22 24.26 24.30 24.34 24.38 24.43 24.48 24.52 24.58
25.01 24.99 24.96 24.94 24.91 24.88 24.85 24.82 24.79 24.76 24.73 24.70 24.67 24.64 24.62 24.60 24.57 24.55 24.52 24.50 24.48 24.46 24.44 24.41 24.38 24.36 24.34 24.32 24.30 24.28 24.25 24.23 24.21 24.14 24.17 24.15 24.14 24.12 24.10 24.08 24.07 24.05 24.04 24.03 24.01 24.01 24.00 23.99 23.98 23.98 23.97 23.97 23.96 23.97 23.97 23.97 23.97 23.98 23.99 24.00 24.00 24.02 24.03 24.05 24.07 24.09 24.12 24.14 24.18 24.20 24.24 24.28 24.33 24.37 24.42 24.47 24.52
24.99 24.96 24.93 24.90 24.86 24.84 24.81 24.77 24.74 24.71 24.68 24.65 24.62 24.59 24.56 24.54 24.52 24.50 24.48 24.45 24.42 24.40 24.38 24.35 24.33 24.31 24.29 24.27 24.25 24.23 24.21 24.18 24.16 24.14 24.12 24.10 24.08 24.07 24.05 24.03 24.02 24.01 23.99 23.98 23.97 23.96 23.96 23.94 23.94 23.93 23.93 23.93 23.93 23.92 23.92 23.93 23.93 23.93 23.94 23.95 23.96 23.98 23.99 24.01 24.03 24.05 24.07 24.09 24.12 24.16 24.19 24.22 24.27 24.32 24.37 24.41 24.46
24.97 24.94 24.91 24.87 24.84 24.80 24.76 24.73 24.70 24.66 24.63 24.60 24.57 24.53 24.51 24.48 24.46 24.44 24.42 24.39 24.37 24.35 24.33 24.30 24.28 24.26 24.24 24.22 24.20 24.17 24.15 24.13 24.11 24.08 24.07 24.05 24.03 24.01 24.00 23.99 23.97 23.96 23.94 23.94 23.92 23.91 23.91 23.90 23.89 23.89 23.88 23.88 23.88 23.87 23.88 23.88 23.89 23.90 23.89 23.91 23.92 23.93 23.95 23.96 23.98 24.00 24.03 24.05 24.08 24.11 24.14 24.18 24.22 24.26 24.31 24.36 24.41
24.96 24.92 24.89 24.85 24.81 24.77 24.73 24.69 24.65 24.62 24.58 24.55 24.51 24.48 24.45 24.43 24.40 24.38 24.35 24.33 24.31 24.29 24.27 24.25 24.23 24.21 24.19 24.16 24.14 24.12 24.10 24.03 23.89 24.04 24.02 24.01 23.99 23.97 23.95 23.94 23.92 23.90 23.90 23.89 23.87 23.87 23.85 23.85 23.85 23.85 23.83 23.83 23.84 23.83 23.83 23.84 23.84 23.85 23.86 23.86 23.87 23.88 23.90 23.92 23.94 23.95 23.98 24.00 24.03 24.06 24.10 24.12 24.16 24.20 24.25 24.29 24.34
24.96 24.92 24.88 24.84 24.79 24.74 24.69 24.66 24.61 24.57 24.53 24.49 24.46 24.43 24.39 24.36 24.34 24.32 24.29 24.27 24.25 24.24 24.21 24.19 24.17 24.16 24.13 24.11 24.09 24.07 24.05 23.81 24.01 23.99 23.97 23.95 23.93 23.92 23.90 23.88 23.87 23.86 23.85 23.83 23.83 23.82 23.81 23.80 23.80 23.80 23.79 23.79 23.79 23.79 23.80 23.79 23.80 23.80 23.81 23.82 23.83 23.84 23.85 23.87 23.89 23.91 23.93 23.96 23.98 24.01 24.04 24.08 24.12 24.15 24.19 24.24 24.29
24.96 24.93 24.88 24.83 24.78 24.72 24.67 24.62 24.57 24.52 24.48 24.44 24.40 24.37 24.33 24.30 24.28 24.26 24.23 24.21 24.19 24.17 24.15 24.14 24.11 24.09 24.07 24.06 24.04 24.01 23.87 23.97 23.95 23.93 23.92 23.90 23.88 23.86 23.85 23.83 23.83 23.81 23.80 23.79 23.78 23.77 23.76 23.76 23.75 23.74 23.74 23.74 23.74 23.75 23.75 23.75 23.75 23.76 23.76 23.77 23.79 23.80 23.81 23.83 23.84 23.86 23.88 23.91 23.94 23.97 23.99 24.03 24.06 24.10 24.14 24.18 24.22
24.98 24.93 24.89 24.83 24.77 24.71 24.64 24.59 24.53 24.48 24.43 24.38 24.34 24.31 24.27 24.24 24.21 24.19 24.17 24.15 24.13 24.11 24.09 24.08 24.05 24.04 24.02 24.00 23.97 23.96 23.86 23.92 23.90 23.88 23.86 23.85 23.83 23.81 23.79 23.79 23.77 23.76 23.74 23.74 23.73 23.72 23.71 23.71 23.71 23.70 23.70 23.70 23.70 23.70 23.70 23.71 23.71 23.71 23.72 23.73 23.74 23.75 23.76 23.78 23.80 23.82 23.84 23.86 23.89 23.92 23.95 23.98 24.02 24.05 24.09 24.13 24.17
25.00 24.95 24.89 24.83 24.76 24.69 24.62 24.56 24.49 24.43 24.38 24.33 24.28 24.24 24.21 24.17 24.15 24.13 24.10 24.08 24.07 24.05 24.03 24.01 23.99 23.98 23.95 23.94 23.92 23.65 23.89 23.87 23.85 23.83 23.81 23.79 23.77 23.76 23.75 23.74 23.72 23.71 23.70 23.69 23.69 23.67 23.67 23.66 23.66 23.65 23.65 23.65 23.65 23.65 23.66 23.66 23.67 23.67 23.68 23.69 23.70 23.71 23.73 23.73 23.75 23.77 23.79 23.82 23.84 23.87 23.90 23.94 23.96 24.00 24.04 24.08 24.12
24.97 24.92 24.85 24.79 24.73 24.65 24.58 24.52 24.45 24.39 24.33 24.27 24.22 24.18 24.15 24.11 24.08 24.06 24.03 24.02 23.99 23.98 23.97 23.95 23.94 23.91 23.90 23.88 23.87 23.84 23.82 23.81 23.79 23.77 23.75 23.74 23.72 23.71 23.70 23.68 23.67 23.66 23.65 23.64 23.63 23.62 23.62 23.62 23.61 23.61 23.60 23.60 23.60 23.60 23.61 23.61 23.62 23.62 23.63 23.64 23.65 23.66 23.68 23.69 23.71 23.73 23.75 23.77 23.79 23.82 23.85 23.88 23.92 23.96 23.99 24.02 24.07
24.92 24.86 24.81 24.74 24.67 24.61 24.54 24.47 24.40 24.34 24.28 24.22 24.17 24.12 24.08 24.05 24.01 23.99 23.96 23.95 23.93 23.92 23.90 23.89 23.88 23.85 23.84 23.78 23.80 23.79 23.77 23.75 23.74 23.72 23.70 23.68 23.67 23.66 23.64 23.63 23.61 23.61 23.60 23.58 23.58 23.57 23.57 23.57 23.57 23.56 23.55 23.55 23.55 23.56 23.56 23.56 23.57 23.58 23.58 23.59 23.60 23.62 23.63 23.65 23.66 23.68 23.70 23.72 23.75 23.78 23.81 23.84 23.86 23.90 23.94 23.98 24.02
24.86 24.82 24.76 24.70 24.62 24.56 24.50 24.43 24.36 24.30 24.24 24.18 24.12 24.07 24.03 23.99 23.95 23.92 23.90 23.88 23.86 23.85 23.83 23.83 23.81 23.80 23.63 23.76 23.75 23.72 23.71 23.69 23.68 23.66 23.64 23.63 23.61 23.60 23.59 23.57 23.56 23.56 23.54 23.54 23.53 23.53 23.52 23.52 23.52 23.52 23.52 23.52 23.52 23.52 23.52 23.53 23.53 23.54 23.55 23.56 23.57 23.58 23.59 23.61 23.62 23.64 23.66 23.68 23.70 23.73 23.76 23.79 23.82 23.86 23.89 23.93 23.96
24.82 24.77 24.71 24.65 24.58 24.51 24.45 24.38 24.32 24.25 24.19 24.13 24.08 24.02 23.98 23.93 23.89 23.86 23.83 23.81 23.79 23.79 23.77 23.68 23.73 23.71 23.72 23.71 23.68 23.67 23.66 23.64 23.62 23.61 23.59 23.57 23.55 23.55 23.53 23.52 23.52 23.50 23.49 23.49 23.48 23.48 23.47 23.47 23.47 23.47 23.47 23.47 23.47 23.47 23.47 23.48 23.48 23.49 23.50 23.51 23.52 23.53 23.54 23.56 23.57 23.59 23.61 23.63 23.66 23.68 23.71 23.74 23.78 23.81 23.84 23.88 23.91
24.77 24.72 24.66 24.60 24.54 24.47 24.40 24.34 24.27 24.20 24.14 24.08 24.03 23.98 23.92 23.88 23.84 23.80 23.77 23.74 23.73 23.71 23.70 23.47 23.67 23.67 23.66 23.64 23.63 23.61 23.59 23.58 23.56 23.54 23.53 23.52 23.50 23.49 23.48 23.47 23.46 23.45 23.44 23.44 23.43 23.43 23.43 23.42 23.42 23.42 23.42 23.42 23.42 23.42 23.43 23.43 23.44 23.45 23.46 23.47 23.48 23.49 23.50 23.52 23.53 23.55 23.57 23.59 23.61 23.64 23.67 23.70 23.72 23.76 23.79 23.83 23.87
