minave_2016041920160419.grid
ncols 886
nrows 691
xllcenter 112.0000
yllcenter -44.5000
cellsize 0.0500
nodata_value 99999.90
[rows 306 to 339 of 691, columns 385 to 461 of 886]
12.97 13.07 13.19 13.29 13.39 13.50 13.57 13.67 13.76 13.81 13.88 13.91 13.98 14.05 14.07 14.10 14.14 14.17 14.14 14.14 14.16 14.18 14.17 14.21 14.18 14.23 14.21 14.20 14.14 14.15 14.15 14.15 14.12 14.10 14.07 14.03 14.04 14.02 13.97 13.93 13.91 13.87 13.79 13.78 13.76 13.71 13.63 13.55 13.52 13.38 13.24 13.28 13.29 13.19 13.12 13.11 13.16 13.27 13.20 13.30 13.15 12.90 12.86 12.83 12.53 12.76 12.17 12.63 12.62 12.61 12.59 12.60 12.60 12.57 12.52 12.47 12.45
12.91 13.01 13.12 13.22 13.32 13.43 13.53 13.62 13.70 13.79 13.86 13.92 13.99 14.03 14.07 14.10 14.14 14.15 14.16 14.18 14.19 14.19 14.22 14.19 14.23 14.28 14.27 14.23 14.22 14.18 14.19 14.14 14.10 14.12 14.09 14.01 14.06 14.03 14.02 13.96 13.96 13.90 13.84 13.78 13.75 13.70 13.66 13.58 13.49 13.39 13.28 13.16 13.21 13.28 13.28 13.25 13.31 13.41 13.43 13.33 13.25 13.05 12.82 12.81 12.89 12.96 12.85 12.74 12.72 12.74 12.70 12.63 12.61 12.59 12.55 12.54 12.51
12.84 12.95 13.04 13.17 13.29 13.39 13.48 13.60 13.67 13.76 13.82 13.88 13.93 13.97 14.05 14.11 14.13 14.12 14.15 14.19 14.19 14.22 14.21 14.23 14.24 14.29 14.26 14.24 14.25 14.22 14.21 14.23 14.16 14.13 14.09 14.03 14.03 14.00 14.01 13.95 13.97 13.90 13.84 13.79 13.76 13.73 13.67 13.60 13.48 13.47 13.45 13.44 13.45 13.43 13.44 13.37 13.41 13.52 13.51 13.38 13.35 13.29 13.20 13.04 13.05 13.06 13.04 12.91 12.84 12.82 12.76 12.72 12.69 12.66 12.61 12.60 12.54
12.81 12.91 13.03 13.13 13.22 13.35 13.45 13.56 13.64 13.73 13.80 13.78 13.71 13.81 14.00 14.09 14.10 14.15 14.17 14.18 14.22 14.23 14.28 14.26 14.28 14.30 14.25 14.21 14.22 14.20 14.19 14.19 14.20 14.17 14.11 14.08 14.06 14.08 14.00 13.96 13.95 13.91 13.88 13.84 13.79 13.74 13.64 13.51 13.56 13.56 13.53 13.52 13.49 13.40 13.48 13.49 13.40 13.42 13.46 13.51 13.35 13.38 13.22 13.20 13.09 13.14 13.16 13.06 12.98 12.92 12.86 12.81 12.78 12.71 12.65 12.61 12.59
12.78 12.90 12.99 13.11 13.20 13.33 13.45 13.55 13.65 13.73 13.80 13.77 13.79 12.85 13.84 14.01 14.09 14.13 14.15 14.19 14.24 14.29 14.32 14.31 14.32 14.31 14.29 14.25 14.25 14.23 14.22 14.18 14.15 14.20 14.12 14.12 14.04 14.06 14.03 13.92 13.93 13.91 13.88 13.85 13.77 13.72 13.64 13.68 13.61 13.58 13.55 13.54 13.51 13.54 13.52 13.49 13.46 13.49 13.52 13.49 13.49 13.38 13.37 13.19 13.22 13.19 13.19 13.11 13.03 12.90 12.92 12.86 12.80 12.74 12.69 12.67 12.63
12.75 12.86 12.96 13.08 13.18 13.33 13.44 13.54 13.63 13.74 13.80 13.86 13.91 13.96 14.02 14.05 14.10 14.14 14.17 14.22 14.26 14.30 14.32 14.34 14.36 14.35 14.35 14.32 14.31 14.26 14.24 14.20 14.19 14.19 14.13 14.08 14.02 13.99 14.01 14.00 13.97 13.93 13.89 13.84 13.73 13.65 13.66 13.66 13.61 13.58 13.50 13.48 13.51 13.49 13.45 13.54 13.50 13.54 13.44 13.42 13.38 13.39 13.35 13.41 13.42 13.37 13.36 13.22 13.21 13.07 12.92 12.91 12.81 12.78 12.72 12.64 12.59
12.76 12.87 12.94 13.08 13.20 13.31 13.43 13.52 13.61 13.71 13.76 13.87 13.91 13.98 14.02 14.07 14.12 14.17 14.21 14.26 14.30 14.37 14.39 14.40 14.39 14.44 14.40 14.37 14.35 14.31 14.28 14.25 14.24 14.20 14.20 14.14 14.09 13.99 13.99 14.00 13.96 13.92 13.90 13.81 13.78 13.72 13.65 13.64 13.62 13.53 13.55 13.54 13.50 13.45 13.48 13.54 13.55 13.47 13.46 13.29 13.38 13.34 13.40 13.33 13.30 13.36 13.26 13.18 13.13 13.09 13.01 12.89 12.84 12.75 12.61 12.60 12.54
12.76 12.87 12.92 13.09 13.21 13.33 13.42 13.52 13.63 13.70 13.81 13.87 13.94 13.99 14.05 14.10 14.15 14.20 14.24 14.29 14.37 14.38 14.42 14.44 14.44 14.47 14.47 14.41 14.40 14.36 14.30 14.30 14.26 14.24 14.17 14.15 14.11 14.03 13.91 13.94 13.95 13.91 13.88 13.81 13.75 13.71 13.66 13.62 13.56 13.64 13.63 13.63 13.62 13.58 13.57 13.57 13.39 13.41 13.41 13.42 13.38 13.37 13.27 13.33 13.39 13.32 13.25 13.27 13.18 13.10 13.04 12.96 12.83 12.73 12.69 12.57 12.59
12.76 12.87 12.96 13.07 13.21 13.29 13.43 13.54 13.62 13.75 13.82 13.89 13.96 14.02 14.09 14.15 14.19 14.24 14.29 14.36 14.36 14.44 14.42 14.47 14.49 14.53 14.53 14.48 14.45 14.38 14.36 14.36 14.21 14.30 14.22 14.14 14.13 14.04 13.99 13.82 13.92 13.94 13.89 13.82 13.74 13.70 13.61 13.53 13.59 13.63 13.64 13.59 13.63 13.56 13.56 13.45 13.35 13.38 13.41 13.35 13.27 13.35 13.40 13.36 13.26 13.31 13.25 13.18 13.11 12.90 12.93 12.92 12.84 12.78 12.66 12.63 12.59
12.79 12.91 12.99 13.06 13.17 13.32 13.45 13.55 13.67 13.78 13.85 13.93 13.98 14.04 14.13 14.19 14.24 14.28 14.36 14.40 14.42 14.45 14.48 14.50 14.53 14.56 14.57 14.57 14.51 14.46 14.43 14.41 14.32 14.30 14.25 14.14 14.15 14.11 14.01 13.91 13.95 13.91 13.88 13.83 13.74 13.64 13.48 13.60 13.61 13.64 13.63 13.61 13.51 13.48 13.55 13.34 13.34 13.36 13.37 13.34 13.38 13.40 13.32 13.32 13.30 13.26 13.29 13.20 13.13 13.02 12.99 12.92 12.81 12.73 12.58 12.63 12.63
12.79 12.93 12.98 12.98 13.09 13.32 13.47 13.57 13.68 13.81 13.88 13.93 14.00 14.08 14.16 14.25 14.27 14.33 14.38 14.42 14.43 14.48 14.50 14.52 14.57 14.60 14.61 14.58 14.55 14.51 14.46 14.41 14.34 14.29 14.24 14.17 14.15 14.08 14.02 13.93 13.92 13.83 13.66 13.72 13.79 13.65 13.68 13.63 13.48 13.45 13.62 13.55 13.47 13.58 13.44 13.40 13.39 13.47 13.46 13.44 13.42 13.35 13.11 13.33 13.37 13.32 13.29 13.26 13.17 13.10 12.98 12.93 12.81 12.72 12.67 12.62 12.54
12.85 12.92 12.96 13.05 12.59 13.42 13.50 13.57 13.71 13.82 13.88 13.96 14.04 14.13 14.22 14.29 14.31 14.38 14.43 14.46 14.48 14.51 14.54 14.57 14.57 14.62 14.64 14.65 14.61 14.51 14.47 14.45 14.39 14.31 14.25 14.17 14.15 14.07 14.01 13.99 14.01 13.96 13.90 13.84 13.85 13.81 13.74 13.76 13.59 13.56 13.51 13.38 13.53 13.51 13.34 13.39 13.42 13.38 13.42 13.45 13.39 13.19 13.25 13.25 13.28 13.28 13.29 13.24 13.10 13.10 12.99 12.91 12.82 12.72 12.65 12.62 12.58
12.97 12.97 13.06 13.09 13.21 13.48 13.55 13.63 13.64 13.81 13.90 13.99 14.07 14.16 14.28 14.33 14.39 14.39 14.44 14.50 14.51 14.53 14.56 14.60 14.63 14.64 14.66 14.72 14.60 14.50 14.52 14.50 14.39 14.27 14.22 14.16 14.09 13.99 13.70 14.00 14.02 14.05 13.90 13.92 13.89 13.88 13.81 13.83 13.65 13.45 13.49 13.45 13.49 13.52 13.54 13.52 13.50 13.49 13.42 13.41 13.19 13.35 13.28 13.14 12.78 13.12 12.86 13.17 13.17 13.06 12.98 12.89 12.80 12.71 12.65 12.64 12.59
13.03 13.11 13.22 13.27 13.38 13.52 13.62 13.68 13.76 13.82 13.92 13.99 14.13 14.21 14.31 14.36 14.38 14.39 14.45 14.48 14.50 14.53 14.55 14.59 14.62 14.63 14.64 14.67 14.68 14.63 14.58 14.52 14.41 14.13 14.17 14.12 14.04 13.93 13.95 14.00 14.01 14.07 14.07 14.01 13.97 13.93 13.89 13.83 13.68 13.56 13.57 13.58 13.49 13.51 13.49 13.50 13.44 13.39 13.43 13.43 13.38 13.38 13.27 13.31 13.14 13.29 13.18 13.18 13.13 13.05 12.95 12.86 12.79 12.68 12.65 12.64 12.63
13.19 13.21 13.29 13.37 13.46 13.56 13.66 13.73 13.73 13.76 13.85 14.05 14.17 14.27 14.34 14.37 14.42 14.38 13.73 14.25 14.46 14.51 14.46 14.47 14.42 14.61 14.62 14.65 14.67 14.67 14.62 14.51 14.42 14.38 14.19 14.24 14.14 14.06 14.04 14.02 14.04 14.07 14.05 14.01 14.01 13.97 13.95 13.87 13.72 13.49 13.55 13.52 13.51 13.58 13.59 13.50 13.52 13.57 13.56 13.51 13.42 13.47 13.38 13.33 13.29 13.31 13.25 13.14 13.10 13.02 12.91 12.87 12.81 12.71 12.66 12.65 12.63
13.29 13.30 13.30 13.46 13.58 13.60 13.50 13.47 12.91 13.81 14.01 14.07 14.19 14.31 14.39 14.43 14.39 14.28 14.15 14.15 14.46 14.42 14.44 13.87 14.12 14.60 14.62 14.60 14.68 14.65 14.65 14.53 14.47 14.39 14.40 14.36 14.23 14.16 14.13 14.11 14.09 14.03 14.05 14.06 14.03 14.00 13.96 13.91 13.77 13.65 13.52 13.48 13.43 13.52 13.37 13.51 13.63 13.62 13.60 13.59 13.55 13.47 13.40 13.36 13.33 13.30 13.18 13.14 13.10 12.91 12.66 12.87 12.81 12.39 12.66 12.62 12.40
13.32 13.38 13.34 13.35 13.61 13.71 13.70 13.60 13.68 13.87 13.99 14.06 14.20 14.35 14.41 14.42 13.02 14.21 14.36 13.84 14.39 14.34 13.59 14.43 14.47 14.59 14.61 14.65 14.71 14.75 14.73 14.56 14.56 14.49 14.48 14.44 14.37 14.27 14.18 14.17 14.16 14.07 14.06 14.10 14.08 14.04 13.96 13.96 13.85 13.73 13.65 13.64 13.70 13.65 13.58 13.51 13.63 13.63 13.58 13.56 13.52 13.45 13.39 13.30 13.29 13.29 13.23 13.16 13.04 12.95 12.84 12.82 12.80 12.78 12.72 12.66 12.45
13.30 13.43 13.38 13.45 13.58 13.72 13.78 13.82 13.74 13.79 13.94 14.08 14.27 14.37 14.41 14.42 14.03 13.44 13.43 13.15 14.38 14.32 14.30 14.42 14.54 14.57 14.64 14.65 14.79 14.81 14.75 14.76 14.69 14.60 14.55 14.50 14.47 14.33 14.28 14.25 14.19 14.17 14.14 14.04 14.12 14.06 14.00 14.03 13.90 13.80 13.67 13.64 13.70 13.66 13.65 13.63 13.59 13.58 13.62 13.56 13.53 13.46 13.40 13.33 13.30 13.29 13.22 13.14 13.05 12.98 12.86 12.91 12.87 12.82 12.78 12.69 12.70
12.66 13.21 13.45 12.89 12.95 13.28 13.79 13.89 13.84 13.89 13.86 13.93 14.31 13.42 14.32 14.22 14.10 13.74 14.12 13.87 14.28 14.44 14.42 14.31 14.50 14.63 14.62 14.68 14.68 14.76 14.83 14.79 14.76 14.67 14.60 14.56 14.50 14.40 14.35 14.31 14.24 14.20 14.20 14.12 14.11 14.11 14.06 14.05 13.97 13.83 13.69 13.72 13.73 13.72 13.59 13.70 13.61 13.56 13.55 13.58 13.53 13.46 13.40 13.33 13.30 13.28 13.23 13.14 13.05 13.00 12.87 12.93 12.88 12.85 12.78 12.71 12.64
13.48 12.95 13.19 13.38 13.59 13.76 13.52 13.44 13.86 13.93 14.12 14.16 12.81 12.12 13.36 13.40 13.96 14.01 13.86 14.14 14.27 14.35 14.15 14.29 14.43 14.50 14.51 14.66 14.67 14.75 14.76 14.77 14.76 14.71 14.64 14.59 14.50 14.48 14.40 14.37 14.31 14.25 14.21 14.18 14.06 14.13 14.12 14.05 14.03 13.94 13.86 13.80 13.78 13.78 13.73 13.72 13.68 13.63 13.58 13.54 13.54 13.48 13.37 13.38 13.36 13.31 13.24 13.15 13.14 13.08 12.99 12.96 12.92 12.87 12.82 12.76 12.76
13.67 13.66 13.65 13.72 13.95 12.74 12.70 13.11 13.80 13.67 13.56 14.05 12.79 13.89 13.62 12.48 13.38 14.20 13.88 14.18 14.06 14.11 14.26 14.33 14.51 14.55 14.53 14.75 14.74 14.80 14.81 14.73 14.69 14.64 14.62 14.61 14.58 14.54 14.45 14.39 14.35 14.30 14.25 14.22 14.20 14.17 14.11 14.05 14.02 14.01 13.88 13.81 13.74 13.81 13.78 13.75 13.71 13.65 13.60 13.55 13.53 13.49 13.38 13.29 13.34 13.31 13.24 13.13 13.06 13.03 13.02 12.98 12.94 12.89 12.80 12.79 12.76
13.72 13.61 13.85 13.94 14.04 14.16 13.98 14.09 13.93 11.95 13.30 13.37 13.91 14.07 14.49 14.42 14.61 14.51 13.54 14.43 14.42 14.47 14.45 14.57 14.57 14.70 14.73 14.78 14.86 14.88 14.81 14.76 14.63 14.62 14.59 14.59 14.57 14.48 14.48 14.39 14.42 14.32 14.28 14.24 14.21 14.16 14.11 14.05 14.06 14.04 13.96 13.89 13.87 13.85 13.85 13.79 13.71 13.64 13.59 13.59 13.52 13.45 13.39 13.41 13.38 13.34 13.26 13.21 13.15 13.11 12.96 12.99 12.97 12.93 12.90 12.80 12.83
13.88 13.95 13.99 14.03 14.13 14.23 14.35 14.46 14.31 14.52 14.51 14.33 14.33 14.59 14.57 14.63 14.69 14.62 14.57 14.58 14.51 14.57 14.62 14.61 14.63 14.65 14.74 14.86 14.88 14.90 14.80 14.83 14.62 14.61 14.59 14.59 14.55 14.46 14.38 14.36 14.40 14.35 14.26 14.25 14.16 14.08 14.12 14.03 14.01 14.03 14.02 13.93 13.90 13.85 13.77 13.78 13.73 13.62 13.57 13.55 13.52 13.45 13.43 13.42 13.37 13.24 13.26 13.13 13.13 13.02 13.08 13.04 13.02 12.97 12.95 12.92 12.88
13.91 13.99 13.94 14.09 14.17 14.27 14.33 14.53 14.64 14.65 14.57 14.63 14.61 14.62 14.71 14.11 14.53 14.56 14.68 14.63 14.68 14.70 14.69 14.67 14.65 14.62 14.64 14.74 14.87 14.92 14.89 14.82 14.68 14.63 14.59 14.62 14.57 14.52 14.44 14.41 14.40 14.38 14.30 14.27 14.13 14.06 14.09 14.02 13.95 13.98 14.03 13.96 13.93 13.89 13.78 13.75 13.77 13.61 13.61 13.57 13.52 13.44 13.44 13.48 13.41 13.29 13.25 13.20 13.08 13.06 13.05 13.05 13.03 12.98 12.93 12.94 12.88
14.00 14.04 14.10 14.14 14.18 14.25 14.30 14.47 14.44 14.75 14.71 14.70 14.78 14.83 14.79 14.75 14.83 14.76 14.79 14.74 14.76 14.77 14.75 14.70 14.69 14.78 14.78 14.83 14.89 14.92 14.89 14.76 14.72 14.70 14.61 14.51 14.49 14.45 14.47 14.41 14.37 14.37 14.25 14.27 14.12 14.05 14.15 14.05 14.09 14.08 14.04 14.00 13.98 13.94 13.86 13.80 13.80 13.71 13.66 13.59 13.51 13.44 13.47 13.45 13.42 13.31 13.25 13.15 12.92 12.89 12.98 12.98 12.90 12.95 12.94 12.85 12.84
14.05 14.06 14.11 14.16 14.15 14.15 14.22 14.48 14.62 14.75 14.71 14.71 14.80 14.89 14.93 14.84 14.88 14.84 14.85 14.82 14.83 14.82 14.83 14.78 14.76 14.74 14.81 14.87 14.86 14.86 14.80 14.63 14.64 14.65 14.57 14.56 14.49 14.46 14.31 14.32 14.36 14.36 14.36 14.23 14.14 14.13 14.06 14.03 14.09 14.08 14.04 14.07 14.01 13.94 13.87 13.79 13.79 13.73 13.66 13.60 13.52 13.51 13.45 13.42 13.38 13.37 13.30 13.19 12.92 13.03 12.77 12.93 12.87 12.87 12.93 12.92 12.92
14.08 14.02 14.09 14.09 14.13 14.19 14.28 14.43 14.62 14.73 14.74 14.74 14.82 14.91 14.94 14.94 14.93 14.92 14.92 14.91 14.89 14.90 14.83 14.85 14.83 14.75 14.80 14.86 14.82 14.79 14.75 14.70 14.63 14.61 14.57 14.53 14.45 14.34 14.35 14.39 14.38 14.34 14.37 14.25 14.17 14.09 14.17 14.15 14.13 14.12 14.09 14.06 14.05 13.91 13.93 13.87 13.80 13.79 13.72 13.66 13.59 13.62 13.56 13.45 13.40 13.36 13.31 13.19 13.15 13.16 13.09 13.05 13.04 12.99 12.97 12.96 12.95
14.07 14.10 14.12 14.07 14.17 14.24 14.34 14.41 14.56 14.71 14.77 14.72 14.82 14.91 14.93 15.04 14.97 14.97 14.97 14.95 14.94 14.94 14.91 14.93 14.83 14.77 14.81 14.84 14.79 14.71 14.69 14.66 14.62 14.57 14.53 14.41 14.31 14.37 14.40 14.39 14.36 14.34 14.34 14.29 14.20 14.26 14.18 14.17 14.14 14.11 14.09 14.07 14.05 14.01 13.96 13.90 13.85 13.80 13.75 13.69 13.66 13.62 13.58 13.54 13.44 13.44 13.28 13.13 13.13 13.17 13.23 13.14 13.12 13.05 13.04 12.95 12.97
14.10 14.11 14.14 14.17 14.18 14.25 14.37 14.43 14.53 14.67 14.71 14.72 14.86 14.91 14.93 15.06 15.06 15.04 15.03 14.99 14.98 14.97 14.96 14.90 14.79 14.74 14.70 14.67 14.61 14.59 14.62 14.57 14.53 14.50 14.42 14.31 14.30 14.25 14.28 14.27 14.26 14.29 14.28 14.30 14.29 14.22 14.19 14.17 14.14 14.05 14.07 14.05 14.03 13.98 13.94 13.88 13.86 13.82 13.77 13.73 13.66 13.61 13.57 13.54 13.49 13.37 13.35 13.22 13.29 13.09 13.24 13.19 13.14 13.10 13.03 13.11 13.00
14.13 14.16 14.19 14.20 14.21 14.31 14.39 14.46 14.52 14.59 14.70 14.71 14.78 14.82 14.87 15.04 15.08 15.09 15.09 15.04 15.02 14.94 14.94 14.78 14.73 14.76 14.68 14.64 14.59 14.56 14.53 14.52 14.47 14.39 14.34 14.34 14.23 14.15 14.04 14.17 14.22 14.26 14.25 14.25 14.26 14.23 14.15 14.16 14.10 14.10 14.06 14.02 14.02 13.97 13.94 13.90 13.86 13.82 13.79 13.74 13.71 13.67 13.62 13.57 13.55 13.51 13.45 13.37 13.36 13.33 13.29 13.23 13.19 13.15 13.14 13.08 13.08
14.16 14.20 14.23 14.22 14.24 14.27 14.36 14.41 14.52 14.60 14.66 14.74 14.84 14.80 14.90 14.98 15.00 15.01 15.01 15.02 14.95 14.83 14.75 14.69 14.70 14.72 14.68 14.63 14.60 14.51 14.50 14.40 14.31 14.26 14.33 14.31 14.30 14.28 14.25 14.23 14.24 14.27 14.25 14.24 14.16 14.18 14.18 14.15 14.13 14.09 14.04 13.99 13.99 13.95 13.93 13.90 13.84 13.81 13.78 13.73 13.67 13.64 13.59 13.55 13.49 13.44 13.41 13.38 13.36 13.32 13.26 13.19 13.14 13.12 13.09 13.07 13.10
14.17 14.15 14.16 14.26 14.22 14.21 14.31 14.36 14.51 14.55 14.63 14.67 14.75 14.79 14.87 14.93 14.95 14.91 14.92 14.93 14.86 14.76 14.71 14.69 14.67 14.68 14.66 14.65 14.61 14.57 14.51 14.39 14.29 14.26 14.17 14.19 14.23 14.25 14.25 14.23 14.22 14.21 14.16 14.10 14.14 14.13 14.09 14.10 14.10 14.08 14.03 14.02 13.98 13.94 13.93 13.89 13.84 13.81 13.78 13.73 13.68 13.64 13.62 13.56 13.49 13.43 13.38 13.35 13.34 13.32 13.27 13.20 13.15 13.13 13.10 13.09 13.10
14.10 14.19 14.23 14.26 14.19 14.15 14.25 14.32 14.35 14.39 14.57 14.64 14.68 14.65 14.74 14.85 14.86 14.85 14.86 14.76 14.75 14.69 14.57 14.47 14.47 14.57 14.58 14.57 14.58 14.57 14.49 14.41 14.22 14.21 14.21 14.22 14.10 14.09 14.17 14.13 14.05 14.16 14.13 14.09 14.01 14.05 14.09 14.08 14.11 14.06 14.05 14.03 13.98 13.95 13.94 13.89 13.86 13.83 13.79 13.76 13.69 13.65 13.62 13.56 13.49 13.45 13.42 13.39 13.36 13.32 13.28 13.23 13.18 13.15 13.13 13.11 13.10
14.15 14.27 14.30 14.23 14.18 14.21 14.26 14.27 14.30 14.42 14.54 14.60 14.64 14.64 14.74 14.80 14.77 14.79 14.79 14.72 14.69 14.58 14.53 14.45 14.41 14.44 14.42 14.47 14.47 14.43 14.51 14.45 14.34 14.23 14.13 14.22 14.15 14.11 14.09 14.06 14.11 14.14 14.11 14.10 14.03 13.94 14.08 14.08 14.00 14.04 13.92 13.95 13.98 13.95 13.92 13.86 13.77 13.75 13.78 13.73 13.74 13.69 13.63 13.59 13.53 13.49 13.45 13.42 13.39 13.34 13.28 13.24 13.20 13.17 13.15 13.12 13.11
