minave_2016042020160420.grid
ncols 886
nrows 691
xllcenter 112.0000
yllcenter -44.5000
cellsize 0.0500
nodata_value 99999.90
[rows 578 to 611 of 691, columns 231 to 307 of 886]
12.78 12.78 12.77 12.76 12.75 12.75 12.74 12.73 12.72 12.73 12.72 12.71 12.70 12.69 12.69 12.69 12.68 12.67 12.67 12.66 12.65 12.64 12.64 12.63 12.62 12.62 12.61 12.62 12.61 12.61 12.60 12.60 12.59 12.58 12.58 12.57 12.57 12.57 12.56 12.56 12.55 12.55 12.54 12.54 12.54 12.54 12.53 12.53 12.53 12.52 12.52 12.52 12.52 12.51 12.51 12.51 12.51 12.51 12.51 12.50 12.49 12.49 12.49 12.49 12.49 12.49 12.49 12.49 12.49 12.49 12.49 12.49 12.49 12.49 12.49 12.49 12.49
12.78 12.77 12.76 12.76 12.75 12.74 12.73 12.73 12.72 12.72 12.71 12.70 12.70 12.69 12.69 12.68 12.67 12.66 12.66 12.65 12.64 12.65 12.64 12.63 12.63 12.62 12.61 12.61 12.60 12.60 12.59 12.59 12.58 12.58 12.57 12.57 12.56 12.56 12.55 12.55 12.54 12.54 12.54 12.53 12.53 12.53 12.52 12.52 12.52 12.52 12.51 12.51 12.51 12.51 12.50 12.50 12.50 12.50 12.50 12.50 12.49 12.49 12.49 12.49 12.49 12.49 12.49 12.49 12.49 12.49 12.49 12.49 12.49 12.49 12.49 12.49 12.49
12.77 12.77 12.76 12.75 12.74 12.74 12.73 12.72 12.72 12.71 12.71 12.70 12.69 12.69 12.68 12.67 12.66 12.66 12.66 12.65 12.64 12.64 12.63 12.62 12.62 12.61 12.61 12.60 12.59 12.59 12.58 12.58 12.57 12.57 12.56 12.56 12.55 12.55 12.54 12.54 12.54 12.53 12.53 12.52 12.52 12.52 12.51 12.51 12.51 12.51 12.50 12.50 12.50 12.50 12.49 12.49 12.49 12.49 12.49 12.49 12.49 12.48 12.48 12.48 12.48 12.48 12.48 12.48 12.48 12.48 12.48 12.48 12.48 12.48 12.48 12.48 12.49
12.77 12.76 12.76 12.75 12.74 12.73 12.72 12.72 12.72 12.71 12.70 12.69 12.68 12.69 12.68 12.67 12.66 12.66 12.65 12.64 12.63 12.63 12.62 12.62 12.62 12.61 12.61 12.60 12.59 12.59 12.58 12.58 12.57 12.57 12.56 12.56 12.55 12.55 12.54 12.54 12.54 12.53 12.53 12.53 12.52 12.52 12.52 12.51 12.51 12.51 12.51 12.50 12.50 12.50 12.50 12.49 12.49 12.49 12.49 12.49 12.49 12.49 12.47 12.47 12.47 12.47 12.47 12.47 12.47 12.47 12.47 12.47 12.47 12.47 12.47 12.48 12.48
12.77 12.76 12.75 12.74 12.74 12.73 12.72 12.71 12.71 12.71 12.70 12.69 12.68 12.68 12.67 12.66 12.65 12.66 12.65 12.64 12.63 12.63 12.62 12.62 12.61 12.60 12.60 12.59 12.59 12.58 12.57 12.57 12.56 12.56 12.55 12.55 12.54 12.54 12.54 12.53 12.53 12.52 12.52 12.52 12.51 12.51 12.51 12.50 12.50 12.50 12.50 12.49 12.49 12.49 12.49 12.49 12.48 12.48 12.48 12.48 12.48 12.48 12.48 12.47 12.47 12.47 12.47 12.47 12.47 12.47 12.47 12.47 12.47 12.47 12.48 12.48 12.48
12.76 12.76 12.75 12.74 12.73 12.73 12.72 12.71 12.71 12.70 12.69 12.68 12.68 12.68 12.67 12.66 12.65 12.65 12.64 12.63 12.63 12.62 12.61 12.61 12.60 12.60 12.60 12.59 12.59 12.58 12.58 12.57 12.57 12.56 12.55 12.55 12.55 12.54 12.54 12.53 12.53 12.53 12.52 12.52 12.51 12.51 12.51 12.51 12.50 12.50 12.50 12.49 12.49 12.49 12.49 12.49 12.48 12.48 12.47 12.47 12.47 12.47 12.47 12.47 12.46 12.46 12.46 12.46 12.46 12.46 12.46 12.46 12.46 12.47 12.47 12.47 12.47
12.76 12.75 12.75 12.74 12.73 12.72 12.71 12.71 12.71 12.70 12.69 12.68 12.67 12.67 12.66 12.65 12.65 12.65 12.64 12.63 12.63 12.62 12.61 12.61 12.60 12.60 12.59 12.58 12.58 12.57 12.57 12.56 12.56 12.55 12.55 12.54 12.54 12.53 12.53 12.52 12.52 12.52 12.51 12.51 12.51 12.50 12.50 12.50 12.49 12.49 12.49 12.49 12.48 12.48 12.48 12.48 12.47 12.47 12.47 12.47 12.47 12.47 12.47 12.47 12.47 12.47 12.46 12.46 12.46 12.46 12.46 12.46 12.47 12.47 12.47 12.47 12.47
12.76 12.75 12.74 12.74 12.73 12.72 12.71 12.71 12.70 12.69 12.69 12.68 12.68 12.67 12.66 12.65 12.64 12.64 12.63 12.62 12.62 12.61 12.61 12.61 12.60 12.60 12.59 12.58 12.58 12.57 12.57 12.56 12.56 12.55 12.55 12.54 12.54 12.53 12.53 12.53 12.52 12.52 12.51 12.51 12.51 12.50 12.50 12.50 12.49 12.49 12.49 12.49 12.48 12.48 12.48 12.48 12.48 12.47 12.47 12.47 12.47 12.47 12.47 12.47 12.47 12.47 12.46 12.46 12.46 12.46 12.46 12.46 12.46 12.46 12.46 12.46 12.46
12.76 12.75 12.74 12.73 12.72 12.72 12.71 12.71 12.70 12.69 12.68 12.67 12.66 12.67 12.66 12.65 12.64 12.64 12.63 12.62 12.62 12.61 12.60 12.60 12.59 12.59 12.58 12.57 12.57 12.56 12.56 12.55 12.55 12.54 12.54 12.53 12.53 12.52 12.52 12.52 12.51 12.51 12.50 12.50 12.50 12.49 12.49 12.49 12.48 12.48 12.48 12.48 12.47 12.47 12.47 12.47 12.47 12.46 12.46 12.46 12.46 12.46 12.46 12.46 12.46 12.46 12.46 12.46 12.46 12.46 12.46 12.46 12.46 12.46 12.46 12.46 12.46
12.74 12.75 12.74 12.73 12.72 12.71 12.70 12.70 12.70 12.69 12.68 12.67 12.66 12.66 12.65 12.64 12.63 12.64 12.63 12.62 12.62 12.61 12.60 12.60 12.59 12.59 12.58 12.57 12.57 12.56 12.56 12.55 12.55 12.54 12.54 12.53 12.53 12.52 12.52 12.52 12.51 12.51 12.50 12.50 12.50 12.49 12.49 12.49 12.48 12.48 12.48 12.48 12.47 12.47 12.47 12.47 12.47 12.46 12.46 12.46 12.46 12.46 12.46 12.46 12.46 12.46 12.46 12.46 12.46 12.46 12.46 12.46 12.46 12.46 12.46 12.46 12.46
12.74 12.74 12.74 12.73 12.72 12.71 12.70 12.69 12.69 12.69 12.68 12.67 12.66 12.66 12.65 12.64 12.63 12.63 12.62 12.61 12.61 12.60 12.59 12.59 12.59 12.59 12.58 12.57 12.57 12.56 12.56 12.55 12.55 12.54 12.54 12.53 12.53 12.53 12.52 12.52 12.51 12.51 12.51 12.50 12.50 12.49 12.49 12.49 12.49 12.48 12.48 12.48 12.47 12.47 12.47 12.47 12.47 12.46 12.45 12.45 12.45 12.45 12.45 12.45 12.45 12.45 12.45 12.45 12.45 12.45 12.45 12.45 12.45 12.45 12.45 12.45 12.45
12.74 12.74 12.73 12.73 12.72 12.71 12.70 12.69 12.69 12.68 12.67 12.67 12.66 12.66 12.65 12.64 12.63 12.63 12.62 12.61 12.61 12.60 12.59 12.59 12.58 12.58 12.57 12.56 12.56 12.55 12.55 12.54 12.54 12.53 12.53 12.52 12.52 12.51 12.51 12.51 12.50 12.50 12.49 12.49 12.49 12.48 12.48 12.48 12.48 12.47 12.47 12.47 12.47 12.46 12.46 12.46 12.46 12.46 12.46 12.45 12.45 12.45 12.45 12.45 12.45 12.45 12.45 12.45 12.45 12.45 12.45 12.45 12.45 12.45 12.45 12.45 12.45
12.74 12.73 12.72 12.72 12.72 12.71 12.70 12.69 12.69 12.68 12.67 12.66 12.65 12.65 12.64 12.64 12.63 12.63 12.62 12.61 12.61 12.60 12.59 12.59 12.58 12.58 12.57 12.56 12.56 12.55 12.55 12.54 12.54 12.53 12.53 12.52 12.52 12.51 12.51 12.51 12.50 12.50 12.50 12.49 12.49 12.48 12.48 12.48 12.48 12.47 12.47 12.47 12.47 12.46 12.46 12.46 12.46 12.46 12.46 12.45 12.45 12.45 12.45 12.45 12.45 12.45 12.45 12.45 12.45 12.45 12.45 12.45 12.45 12.45 12.45 12.45 12.45
12.74 12.73 12.72 12.72 12.71 12.71 12.70 12.69 12.68 12.68 12.67 12.66 12.65 12.65 12.64 12.63 12.62 12.62 12.61 12.61 12.61 12.60 12.59 12.59 12.58 12.58 12.57 12.56 12.56 12.55 12.55 12.54 12.54 12.53 12.53 12.52 12.52 12.51 12.51 12.51 12.50 12.50 12.50 12.49 12.49 12.49 12.48 12.48 12.48 12.47 12.47 12.47 12.47 12.46 12.46 12.46 12.46 12.46 12.46 12.45 12.45 12.45 12.45 12.45 12.45 12.45 12.45 12.45 12.45 12.45 12.45 12.45 12.45 12.45 12.45 12.45 12.45
12.74 12.73 12.72 12.71 12.71 12.70 12.69 12.69 12.68 12.68 12.67 12.66 12.65 12.64 12.64 12.63 12.62 12.62 12.61 12.60 12.60 12.59 12.58 12.58 12.57 12.57 12.56 12.55 12.55 12.55 12.55 12.54 12.54 12.53 12.53 12.52 12.52 12.51 12.51 12.51 12.50 12.50 12.50 12.48 12.48 12.48 12.47 12.47 12.47 12.46 12.46 12.46 12.46 12.45 12.45 12.45 12.45 12.45 12.45 12.44 12.44 12.44 12.44 12.44 12.44 12.44 12.44 12.44 12.44 12.44 12.44 12.44 12.44 12.44 12.44 12.44 12.44
12.74 12.73 12.72 12.71 12.71 12.70 12.69 12.68 12.67 12.68 12.67 12.66 12.65 12.64 12.64 12.63 12.62 12.62 12.61 12.60 12.60 12.59 12.58 12.58 12.57 12.57 12.56 12.55 12.55 12.54 12.54 12.53 12.53 12.52 12.52 12.51 12.51 12.51 12.50 12.50 12.49 12.49 12.49 12.48 12.48 12.48 12.47 12.47 12.47 12.46 12.46 12.46 12.46 12.45 12.45 12.45 12.45 12.45 12.45 12.44 12.44 12.44 12.44 12.44 12.44 12.44 12.44 12.44 12.44 12.44 12.44 12.44 12.44 12.44 12.44 12.44 12.44
12.74 12.73 12.72 12.71 12.70 12.70 12.69 12.68 12.67 12.66 12.66 12.66 12.65 12.64 12.64 12.63 12.62 12.62 12.61 12.60 12.60 12.59 12.58 12.58 12.57 12.57 12.56 12.55 12.55 12.54 12.54 12.53 12.53 12.52 12.52 12.51 12.51 12.51 12.50 12.50 12.49 12.49 12.49 12.48 12.48 12.48 12.47 12.47 12.47 12.46 12.46 12.46 12.46 12.45 12.45 12.45 12.45 12.45 12.45 12.44 12.44 12.44 12.44 12.44 12.44 12.44 12.44 12.44 12.44 12.44 12.44 12.44 12.44 12.44 12.44 12.44 12.44
12.73 12.73 12.72 12.71 12.70 12.70 12.69 12.68 12.67 12.66 12.66 12.65 12.64 12.63 12.64 12.63 12.62 12.62 12.61 12.60 12.60 12.59 12.58 12.58 12.57 12.57 12.56 12.55 12.55 12.54 12.54 12.53 12.53 12.52 12.52 12.51 12.51 12.51 12.50 12.50 12.49 12.49 12.49 12.48 12.48 12.47 12.47 12.47 12.47 12.46 12.46 12.46 12.46 12.45 12.45 12.45 12.45 12.45 12.45 12.44 12.44 12.44 12.44 12.44 12.44 12.44 12.44 12.44 12.44 12.44 12.44 12.44 12.44 12.44 12.44 12.44 12.44
12.73 12.72 12.72 12.71 12.70 12.69 12.69 12.68 12.67 12.66 12.65 12.65 12.64 12.63 12.62 12.62 12.61 12.60 12.61 12.60 12.60 12.59 12.58 12.58 12.57 12.56 12.56 12.55 12.55 12.54 12.54 12.53 12.53 12.52 12.52 12.51 12.51 12.51 12.50 12.50 12.49 12.49 12.49 12.48 12.48 12.47 12.47 12.47 12.47 12.46 12.46 12.46 12.46 12.45 12.45 12.45 12.45 12.45 12.44 12.44 12.44 12.44 12.44 12.44 12.44 12.44 12.44 12.44 12.44 12.44 12.44 12.44 12.44 12.44 12.44 12.44 12.44
12.72 12.71 12.72 12.71 12.70 12.69 12.68 12.68 12.67 12.66 12.65 12.65 12.64 12.63 12.62 12.62 12.61 12.60 12.60 12.59 12.58 12.58 12.57 12.57 12.57 12.56 12.56 12.55 12.55 12.54 12.54 12.53 12.53 12.52 12.52 12.51 12.51 12.50 12.50 12.50 12.49 12.49 12.49 12.48 12.48 12.47 12.47 12.47 12.47 12.46 12.46 12.45 12.45 12.44 12.44 12.44 12.44 12.44 12.43 12.43 12.43 12.43 12.43 12.43 12.43 12.43 12.43 12.43 12.43 12.42 12.42 12.42 12.42 12.42 12.43 12.43 12.43
12.72 12.71 12.71 12.71 12.70 12.69 12.68 12.68 12.67 12.66 12.65 12.64 12.64 12.63 12.62 12.62 12.61 12.60 12.60 12.59 12.58 12.58 12.57 12.56 12.56 12.55 12.55 12.54 12.54 12.53 12.53 12.52 12.52 12.51 12.51 12.50 12.50 12.49 12.49 12.49 12.48 12.48 12.47 12.47 12.47 12.46 12.46 12.46 12.46 12.45 12.45 12.45 12.45 12.44 12.44 12.44 12.44 12.44 12.43 12.43 12.43 12.43 12.43 12.43 12.43 12.43 12.43 12.42 12.42 12.42 12.42 12.42 12.42 12.42 12.42 12.42 12.43
12.72 12.71 12.70 12.70 12.70 12.69 12.68 12.67 12.67 12.66 12.65 12.64 12.64 12.63 12.62 12.62 12.61 12.60 12.60 12.59 12.58 12.58 12.57 12.56 12.56 12.55 12.55 12.54 12.54 12.53 12.53 12.52 12.52 12.51 12.51 12.50 12.50 12.49 12.49 12.49 12.48 12.48 12.47 12.47 12.47 12.46 12.46 12.46 12.46 12.45 12.45 12.45 12.44 12.44 12.44 12.44 12.44 12.43 12.43 12.43 12.43 12.43 12.43 12.43 12.43 12.43 12.42 12.42 12.42 12.42 12.42 12.42 12.42 12.42 12.42 12.42 12.42
12.72 12.71 12.70 12.69 12.69 12.69 12.68 12.67 12.66 12.66 12.65 12.64 12.63 12.63 12.62 12.61 12.61 12.60 12.59 12.59 12.58 12.57 12.57 12.56 12.56 12.55 12.54 12.54 12.54 12.53 12.52 12.52 12.51 12.51 12.51 12.50 12.50 12.49 12.49 12.48 12.48 12.48 12.47 12.47 12.47 12.46 12.46 12.46 12.45 12.45 12.45 12.45 12.44 12.44 12.44 12.44 12.44 12.43 12.43 12.43 12.43 12.43 12.43 12.43 12.43 12.42 12.42 12.42 12.42 12.42 12.42 12.42 12.42 12.42 12.42 12.42 12.42
12.72 12.71 12.70 12.69 12.68 12.68 12.68 12.67 12.66 12.66 12.65 12.64 12.63 12.63 12.62 12.61 12.61 12.60 12.59 12.59 12.58 12.57 12.57 12.56 12.56 12.55 12.54 12.54 12.53 12.53 12.52 12.52 12.51 12.51 12.50 12.50 12.49 12.49 12.49 12.48 12.48 12.48 12.47 12.47 12.46 12.46 12.46 12.46 12.45 12.45 12.45 12.45 12.44 12.44 12.44 12.44 12.44 12.43 12.43 12.43 12.43 12.43 12.43 12.43 12.42 12.42 12.42 12.42 12.42 12.42 12.42 12.42 12.42 12.42 12.42 12.42 12.42
12.71 12.71 12.70 12.69 12.68 12.67 12.67 12.66 12.66 12.65 12.65 12.64 12.63 12.62 12.62 12.61 12.60 12.60 12.59 12.58 12.58 12.57 12.57 12.56 12.55 12.55 12.54 12.54 12.53 12.53 12.52 12.52 12.51 12.51 12.50 12.50 12.49 12.49 12.49 12.48 12.48 12.47 12.47 12.47 12.46 12.46 12.46 12.46 12.45 12.45 12.45 12.44 12.44 12.44 12.44 12.44 12.43 12.43 12.43 12.43 12.43 12.43 12.43 12.42 12.42 12.42 12.42 12.42 12.42 12.42 12.42 12.42 12.42 12.42 12.42 12.42 12.42
12.71 12.70 12.70 12.69 12.68 12.67 12.66 12.66 12.65 12.65 12.64 12.64 12.63 12.62 12.62 12.61 12.60 12.60 12.59 12.58 12.58 12.57 12.57 12.56 12.55 12.55 12.54 12.54 12.53 12.53 12.52 12.52 12.51 12.51 12.50 12.50 12.49 12.49 12.49 12.48 12.48 12.47 12.47 12.47 12.46 12.46 12.46 12.45 12.45 12.45 12.45 12.44 12.44 12.44 12.44 12.44 12.43 12.43 12.43 12.43 12.43 12.43 12.42 12.42 12.42 12.42 12.42 12.42 12.42 12.42 12.42 12.42 12.42 12.42 12.42 12.42 12.42
12.71 12.70 12.69 12.69 12.68 12.67 12.66 12.65 12.65 12.64 12.63 12.63 12.63 12.62 12.61 12.61 12.60 12.59 12.59 12.58 12.57 12.57 12.56 12.56 12.55 12.55 12.54 12.54 12.53 12.53 12.52 12.52 12.51 12.51 12.50 12.50 12.49 12.49 12.48 12.48 12.48 12.47 12.47 12.47 12.46 12.46 12.46 12.45 12.45 12.45 12.45 12.44 12.44 12.44 12.44 12.43 12.43 12.43 12.43 12.43 12.43 12.42 12.42 12.42 12.42 12.42 12.42 12.42 12.42 12.42 12.42 12.42 12.42 12.42 12.42 12.42 12.42
12.71 12.70 12.69 12.68 12.68 12.67 12.66 12.65 12.64 12.64 12.63 12.62 12.62 12.62 12.61 12.61 12.60 12.59 12.59 12.58 12.57 12.57 12.56 12.56 12.55 12.54 12.54 12.53 12.53 12.52 12.52 12.51 12.51 12.50 12.50 12.49 12.49 12.49 12.48 12.48 12.47 12.47 12.47 12.46 12.46 12.46 12.46 12.45 12.45 12.45 12.44 12.44 12.44 12.44 12.43 12.43 12.43 12.43 12.43 12.43 12.42 12.42 12.42 12.42 12.42 12.42 12.42 12.42 12.42 12.42 12.42 12.42 12.42 12.42 12.42 12.42 12.42
12.71 12.70 12.69 12.68 12.67 12.66 12.66 12.65 12.64 12.63 12.63 12.62 12.61 12.61 12.60 12.59 12.60 12.59 12.58 12.58 12.57 12.57 12.56 12.55 12.55 12.54 12.54 12.53 12.53 12.52 12.52 12.51 12.51 12.50 12.50 12.49 12.49 12.49 12.48 12.48 12.47 12.47 12.47 12.46 12.46 12.46 12.45 12.45 12.45 12.45 12.44 12.44 12.44 12.44 12.43 12.43 12.43 12.43 12.43 12.42 12.42 12.42 12.42 12.42 12.42 12.42 12.42 12.42 12.41 12.41 12.41 12.41 12.41 12.41 12.41 12.41 12.41
12.70 12.69 12.69 12.68 12.67 12.66 12.65 12.65 12.64 12.63 12.63 12.62 12.61 12.61 12.60 12.59 12.59 12.58 12.57 12.57 12.57 12.56 12.56 12.55 12.55 12.54 12.54 12.53 12.53 12.52 12.52 12.51 12.51 12.50 12.50 12.49 12.49 12.48 12.48 12.48 12.47 12.47 12.46 12.46 12.46 12.46 12.45 12.45 12.45 12.44 12.44 12.44 12.44 12.43 12.43 12.43 12.43 12.43 12.42 12.42 12.42 12.42 12.42 12.42 12.42 12.42 12.41 12.41 12.41 12.41 12.41 12.41 12.41 12.41 12.41 12.41 12.41
12.70 12.69 12.68 12.68 12.67 12.66 12.65 12.64 12.64 12.63 12.62 12.62 12.61 12.60 12.60 12.59 12.58 12.58 12.57 12.56 12.56 12.55 12.55 12.54 12.54 12.53 12.53 12.53 12.52 12.52 12.51 12.51 12.50 12.50 12.49 12.49 12.49 12.48 12.48 12.47 12.47 12.47 12.46 12.46 12.46 12.45 12.45 12.45 12.45 12.44 12.44 12.44 12.43 12.42 12.42 12.42 12.42 12.41 12.41 12.41 12.41 12.41 12.41 12.41 12.40 12.40 12.40 12.40 12.40 12.40 12.40 12.40 12.40 12.40 12.40 12.40 12.40
12.70 12.69 12.68 12.67 12.66 12.66 12.65 12.64 12.64 12.63 12.62 12.61 12.61 12.60 12.59 12.59 12.58 12.57 12.57 12.56 12.56 12.55 12.54 12.54 12.53 12.53 12.52 12.52 12.51 12.51 12.50 12.50 12.49 12.49 12.48 12.48 12.47 12.47 12.47 12.46 12.46 12.46 12.45 12.45 12.45 12.44 12.44 12.44 12.43 12.43 12.43 12.43 12.42 12.42 12.42 12.42 12.41 12.41 12.41 12.41 12.41 12.41 12.41 12.40 12.40 12.40 12.40 12.40 12.40 12.40 12.40 12.40 12.40 12.40 12.40 12.40 12.40
12.69 12.69 12.68 12.67 12.66 12.65 12.65 12.64 12.63 12.63 12.62 12.61 12.61 12.60 12.59 12.59 12.58 12.57 12.57 12.56 12.55 12.55 12.54 12.54 12.53 12.53 12.52 12.52 12.51 12.51 12.50 12.49 12.49 12.49 12.48 12.48 12.47 12.47 12.46 12.46 12.46 12.45 12.45 12.45 12.44 12.44 12.44 12.44 12.43 12.43 12.43 12.42 12.42 12.42 12.42 12.41 12.41 12.41 12.41 12.41 12.41 12.40 12.40 12.40 12.40 12.40 12.40 12.40 12.40 12.40 12.40 12.40 12.40 12.40 12.40 12.40 12.40
12.69 12.68 12.68 12.67 12.66 12.65 12.64 12.64 12.63 12.62 12.62 12.61 12.60 12.60 12.59 12.58 12.58 12.57 12.56 12.56 12.55 12.55 12.54 12.53 12.53 12.52 12.52 12.51 12.51 12.50 12.50 12.49 12.49 12.48 12.48 12.47 12.47 12.47 12.46 12.46 12.46 12.45 12.45 12.45 12.44 12.44 12.44 12.43 12.43 12.43 12.43 12.42 12.42 12.42 12.41 12.41 12.41 12.41 12.41 12.41 12.40 12.40 12.40 12.40 12.40 12.40 12.40 12.40 12.40 12.40 12.40 12.40 12.39 12.39 12.39 12.39 12.40
