minave_2016042020160420.grid
ncols 886
nrows 691
xllcenter 112.0000
yllcenter -44.5000
cellsize 0.0500
nodata_value 99999.90
[rows 238 to 271 of 691, columns 693 to 769 of 886]
16.79 16.74 16.65 16.54 16.43 16.43 16.37 16.23 16.12 16.16 16.16 16.17 16.17 16.17 16.13 16.10 16.08 16.09 16.14 16.20 16.28 16.32 16.35 16.39 16.51 16.58 16.67 16.89 16.93 16.75 16.61 16.82 16.89 16.75 16.97 17.28 17.37 17.49 17.57 17.78 17.86 17.97 18.08 18.19 18.26 18.36 18.24 17.14 18.17 18.16 18.49 18.39 17.71 18.38 19.36 19.56 19.71 19.82 19.92 20.04 20.15 20.29 20.43 20.57 20.73 20.89 21.06 21.23 21.39 21.55 21.71 21.87 22.01 22.14 22.26 22.38 22.48
16.72 16.68 16.57 16.42 16.32 16.31 16.26 16.10 16.05 16.02 15.95 16.04 16.03 16.03 15.99 15.97 16.00 16.04 16.08 16.14 16.13 16.23 16.29 16.39 16.52 16.63 16.68 16.83 17.00 16.90 17.06 16.76 16.79 17.11 16.99 17.15 17.03 16.90 17.46 17.46 17.81 17.86 17.96 18.05 18.13 18.13 18.11 17.94 17.59 17.16 18.29 18.09 17.41 17.71 18.79 19.01 19.49 19.64 19.76 19.88 20.01 20.15 20.29 20.44 20.60 20.77 20.93 21.10 21.27 21.43 21.59 21.75 21.89 22.03 22.16 22.29 22.41
16.71 16.63 16.55 16.41 16.32 16.25 16.21 16.10 16.04 16.02 15.91 15.85 15.77 15.90 15.83 15.83 15.90 15.97 16.04 16.13 16.18 16.23 16.23 16.32 16.41 16.50 16.69 16.87 16.93 17.05 16.98 16.66 16.92 17.08 17.15 17.17 17.16 17.03 17.14 17.50 17.61 17.74 17.86 17.93 17.99 18.01 17.94 17.75 17.94 17.45 18.24 17.94 17.86 18.17 17.61 18.78 19.08 19.49 19.60 19.74 19.86 20.01 20.16 20.31 20.48 20.64 20.81 20.98 21.15 21.32 21.48 21.64 21.79 21.94 22.07 22.21 22.34
16.66 16.48 16.41 16.39 16.32 16.25 16.17 16.12 16.05 15.98 15.88 15.68 15.62 15.75 15.73 15.74 15.79 15.89 15.99 16.03 16.02 16.15 16.21 16.23 16.30 16.24 16.48 16.73 16.88 16.95 17.04 17.02 17.03 17.04 17.17 17.14 17.24 17.33 17.38 17.51 17.56 17.58 17.71 17.82 17.88 17.87 17.82 17.75 17.89 17.90 17.85 18.13 18.11 18.10 17.45 17.43 18.76 19.31 19.46 19.60 19.74 19.88 20.04 20.19 20.36 20.52 20.70 20.87 21.04 21.20 21.37 21.53 21.70 21.84 21.99 22.13 22.28
16.59 16.24 16.23 16.25 16.28 16.21 16.11 15.98 15.98 15.89 15.69 15.56 15.65 15.61 15.61 15.66 15.71 15.77 15.84 15.86 15.96 16.02 16.11 16.16 16.16 16.17 16.28 16.52 16.68 16.82 16.93 17.01 17.09 17.10 17.10 17.13 17.17 17.07 17.38 17.44 17.53 17.58 17.61 17.66 17.78 17.82 17.79 17.78 17.90 17.87 17.29 17.93 17.58 17.77 17.65 17.61 18.57 18.92 19.34 19.47 19.61 19.76 19.92 20.08 20.25 20.30 20.59 20.77 20.93 21.10 21.28 21.45 21.61 21.77 21.92 22.08 22.23
16.51 16.29 15.90 16.19 16.23 16.15 16.06 15.95 15.90 15.62 15.69 15.50 15.49 15.50 15.52 15.58 15.62 15.69 15.75 15.81 15.86 15.92 15.99 16.10 16.06 16.11 15.88 16.44 16.52 16.75 16.84 16.89 16.98 17.10 17.14 17.14 17.09 17.22 17.32 17.43 17.47 17.53 17.57 17.59 17.68 17.73 17.68 17.71 17.73 17.73 17.06 17.78 17.40 17.79 17.82 18.62 18.00 18.96 19.17 19.35 19.50 19.65 19.81 19.98 20.15 20.16 20.49 20.63 20.81 21.02 21.19 21.36 21.53 21.70 21.86 22.02 22.19
16.52 16.17 16.10 16.22 16.19 16.09 15.99 15.93 15.83 15.70 15.58 15.45 15.38 15.35 15.46 15.51 15.56 15.59 15.67 15.75 15.69 15.88 15.88 15.94 15.85 15.89 16.07 16.31 16.53 16.58 16.68 16.75 16.83 16.89 17.04 17.14 16.86 17.11 17.26 17.36 17.43 17.35 17.51 17.51 17.57 17.66 17.52 17.69 17.75 16.96 17.16 17.47 17.68 17.40 17.63 18.10 18.73 18.89 19.06 19.25 19.39 19.55 19.71 19.88 20.05 20.19 20.40 20.48 20.68 20.94 21.11 21.29 21.46 21.64 21.81 21.98 22.15
16.52 16.39 16.31 16.24 16.14 16.05 15.94 15.87 15.69 15.59 15.49 15.33 15.28 15.32 15.37 15.42 15.39 15.49 15.61 15.62 15.68 15.71 15.85 15.85 15.82 15.66 16.00 15.90 16.33 16.25 16.23 16.68 16.82 16.92 16.98 17.07 17.10 17.16 17.23 17.30 17.38 17.43 17.49 17.43 17.49 17.59 17.48 17.66 17.56 17.37 17.05 17.14 17.46 16.96 17.30 17.91 18.52 18.40 18.88 19.14 19.29 19.45 19.62 19.79 19.97 20.14 20.31 20.37 20.62 20.49 21.05 21.23 21.41 21.59 21.77 21.95 22.09
16.49 16.43 16.30 16.19 16.10 15.96 15.83 15.67 15.56 15.49 15.37 15.28 15.24 15.21 15.30 15.36 15.29 15.38 15.48 15.55 15.57 15.60 15.69 15.78 15.80 15.76 15.86 15.88 16.02 16.16 16.20 16.61 16.77 16.82 16.96 17.05 17.14 17.13 17.20 17.25 17.28 17.39 17.38 17.42 17.41 17.52 17.59 17.48 17.51 17.42 17.41 17.31 17.06 16.86 18.05 18.38 18.58 18.70 18.89 19.03 19.20 19.37 19.54 19.72 19.89 20.07 20.22 20.40 20.56 20.68 20.98 21.18 21.37 21.56 21.74 21.93 22.12
16.45 16.39 16.26 16.14 16.02 15.88 15.71 15.56 15.42 15.37 15.20 15.16 15.21 15.19 15.19 15.20 15.20 15.24 15.35 15.36 15.47 15.53 15.51 15.54 15.67 15.68 15.70 15.48 15.41 16.18 15.95 16.43 16.67 16.81 16.90 17.01 17.08 17.14 17.14 17.21 17.30 17.34 17.27 17.44 17.43 17.40 17.50 17.54 17.41 17.59 17.32 17.00 16.73 16.70 17.98 18.37 18.49 18.67 18.71 18.97 19.12 19.30 19.47 19.65 19.83 20.00 20.19 20.36 20.54 20.69 20.88 21.14 21.34 21.52 21.72 21.91 22.10
16.42 16.34 16.20 16.07 15.88 15.80 15.67 15.47 15.40 15.26 15.12 15.12 15.09 15.18 15.09 15.12 15.19 15.16 15.21 15.19 15.37 15.45 15.45 15.51 15.65 15.60 15.61 15.59 15.58 15.88 16.23 16.29 16.56 16.71 16.84 16.94 16.99 17.13 17.15 17.18 17.28 17.34 17.37 17.40 17.42 17.42 17.48 17.51 17.50 17.52 17.43 17.16 17.23 16.88 17.52 18.29 18.46 18.63 18.76 18.91 19.07 19.24 19.39 19.50 19.76 19.95 20.12 20.29 20.39 20.68 20.83 21.02 21.30 21.51 21.71 21.91 22.10
16.41 16.26 16.10 15.99 15.83 15.70 15.55 15.40 15.30 15.14 15.02 15.10 15.08 15.06 15.16 15.19 15.10 15.24 15.24 15.19 15.19 15.30 15.36 15.46 15.48 15.46 15.49 15.54 15.47 15.52 16.03 15.94 16.43 16.58 16.74 16.81 16.99 17.11 17.18 17.24 17.30 17.33 17.30 17.32 17.36 17.42 17.46 17.47 17.34 17.41 17.33 17.33 17.32 17.34 16.59 17.42 18.23 18.55 18.68 18.79 19.01 19.19 19.36 19.41 19.54 19.90 20.09 20.24 20.33 20.65 20.82 20.91 21.02 21.40 21.71 21.91 22.11
16.37 16.09 15.92 15.90 15.75 15.59 15.42 15.30 15.15 15.09 15.01 15.04 15.00 14.98 14.86 15.05 15.12 15.13 15.08 15.11 15.12 15.15 15.21 15.29 15.29 15.12 15.17 15.33 15.53 15.79 16.08 16.23 16.29 16.45 16.69 16.80 16.96 17.04 17.12 17.22 17.23 17.28 17.28 17.31 17.34 17.44 17.50 17.49 17.48 17.47 17.40 17.27 17.08 17.14 16.81 16.78 17.95 18.47 18.66 18.78 18.99 19.15 19.27 19.36 19.41 19.80 20.07 20.22 20.40 20.63 20.71 20.86 20.89 21.13 21.55 21.91 22.12
16.35 16.16 15.84 15.81 15.67 15.50 15.32 15.20 15.12 15.02 14.93 14.95 14.89 14.81 14.74 14.95 15.05 15.09 15.18 15.12 15.11 15.22 15.18 15.22 15.28 15.11 14.50 15.34 15.72 15.88 15.75 15.58 16.25 16.11 16.64 16.82 16.92 17.00 17.08 17.22 17.23 17.30 17.26 17.30 17.33 17.43 17.52 17.51 17.50 17.48 17.40 17.45 17.37 17.14 16.49 16.72 17.79 18.44 18.58 18.75 18.97 19.11 19.22 18.96 19.38 19.67 20.00 20.25 20.42 20.60 20.76 20.87 20.96 20.24 21.34 21.87 22.12
16.33 16.13 15.87 15.72 15.56 15.39 15.24 15.10 15.03 15.01 14.95 14.86 14.82 14.71 14.66 14.82 14.91 14.96 15.08 15.03 15.16 15.30 15.22 15.28 15.37 14.98 15.21 14.95 15.50 15.89 16.06 16.23 16.33 16.47 16.66 16.78 16.91 17.05 17.13 17.19 17.24 17.36 17.40 17.34 17.48 17.49 17.48 17.58 17.58 17.54 17.56 17.49 17.52 17.16 16.67 16.63 18.09 18.41 18.57 18.77 18.94 19.02 19.21 19.34 19.21 18.38 19.97 20.26 20.42 20.49 20.73 20.93 20.93 20.65 20.84 21.79 22.09
16.29 16.05 15.85 15.67 15.34 15.31 15.11 14.98 15.01 14.92 14.88 14.91 14.79 14.68 14.53 14.59 14.71 14.89 14.96 15.16 15.23 15.34 15.42 15.45 15.44 15.35 15.30 15.01 15.51 15.70 16.00 16.16 16.17 15.77 16.38 16.80 16.95 17.08 17.12 17.25 17.33 17.36 17.46 17.52 17.47 17.38 17.56 17.61 17.65 17.66 17.62 17.67 17.68 17.54 17.41 17.14 17.86 18.24 18.55 18.72 18.89 19.00 19.11 19.30 19.11 19.70 19.93 20.20 20.46 20.56 20.76 20.95 20.93 20.64 21.49 21.74 22.11
16.27 16.02 15.74 15.58 15.36 15.24 14.97 14.97 14.96 14.95 14.91 14.82 14.87 14.79 14.62 14.66 14.82 14.92 15.11 15.17 15.30 15.41 15.36 15.32 15.23 15.32 15.40 15.28 14.74 15.56 15.93 16.08 16.15 16.47 16.66 16.82 17.01 17.03 17.20 17.38 17.46 17.48 17.59 17.60 17.49 17.32 17.61 17.40 17.53 17.69 17.74 17.78 17.74 17.70 17.70 17.34 17.64 18.28 18.51 18.70 18.84 19.01 19.10 19.21 19.05 19.49 19.66 20.19 20.45 20.70 20.86 20.89 21.13 21.29 21.30 21.76 22.04
16.25 16.04 15.83 15.54 15.18 15.14 15.03 14.89 14.88 14.87 14.90 14.81 14.78 14.68 14.68 14.59 14.85 15.02 15.11 15.27 15.40 15.39 15.35 15.41 15.41 15.50 15.39 15.47 15.47 15.20 15.68 15.95 16.17 16.05 16.24 16.66 16.93 17.12 17.24 17.45 17.50 17.59 17.63 17.68 17.55 17.64 17.54 17.21 17.55 17.64 17.68 17.83 17.89 17.86 17.82 17.75 17.34 18.27 18.30 18.66 18.65 18.94 18.83 19.10 18.95 19.34 18.80 19.23 20.20 20.71 20.92 21.07 21.28 21.43 21.57 21.51 21.72
16.21 16.04 15.81 15.58 15.33 15.16 15.03 14.96 14.86 14.83 14.81 14.78 14.72 14.61 14.54 14.58 14.88 15.07 15.13 15.33 15.40 15.50 15.52 15.58 15.49 15.41 15.62 15.63 15.69 15.85 15.74 15.94 16.06 16.39 16.43 16.77 17.09 17.19 17.34 17.51 17.61 17.71 17.77 17.74 17.69 17.79 17.60 17.25 17.37 17.42 17.73 17.81 17.97 18.02 17.96 17.64 17.15 18.13 18.07 18.58 18.75 18.93 18.92 19.11 19.26 19.58 19.69 19.92 20.21 20.69 20.96 21.14 21.25 20.99 21.38 21.09 21.59
16.18 15.91 15.81 15.59 15.46 15.09 14.45 14.79 14.75 14.84 14.80 14.68 14.64 14.58 14.35 14.39 14.84 15.04 15.20 15.22 15.33 15.52 15.58 15.56 15.50 15.64 15.72 15.72 15.81 16.04 15.89 15.92 15.84 15.47 16.62 16.98 17.07 17.33 17.51 17.69 17.80 17.83 17.96 17.95 17.80 17.89 17.65 17.69 17.55 17.66 17.61 17.67 17.79 18.12 18.11 18.01 17.41 17.87 18.14 18.42 18.65 18.77 18.90 19.25 19.35 19.64 19.76 20.06 20.13 20.68 20.98 21.20 21.37 21.48 21.56 21.71 21.79
16.26 16.02 15.86 15.64 15.41 15.01 13.53 14.76 14.76 14.76 14.73 14.69 14.25 14.52 14.38 14.36 14.75 15.04 15.22 15.33 15.42 15.59 15.58 15.57 15.65 15.75 15.87 15.89 16.07 16.19 15.93 16.27 16.28 16.30 16.73 16.73 17.06 17.21 17.44 17.75 17.86 18.04 18.09 18.13 18.14 18.06 18.00 17.96 17.86 17.96 17.70 17.85 17.96 18.23 18.24 18.28 18.04 17.01 18.26 18.33 18.52 18.82 19.05 19.31 19.54 19.30 19.71 20.05 20.32 20.25 20.94 21.18 21.39 21.51 21.52 21.61 22.04
16.24 16.09 15.91 15.63 15.35 15.08 13.94 14.70 14.71 14.74 14.73 14.63 14.48 14.40 14.35 14.23 14.84 15.11 15.19 15.28 15.48 15.58 15.72 15.67 15.79 15.77 15.94 15.99 16.19 16.31 16.34 16.57 16.62 16.60 16.93 16.95 16.92 17.45 17.73 17.84 17.99 18.13 18.27 18.33 18.29 18.22 18.17 18.27 18.23 18.14 18.29 18.22 18.32 18.34 18.33 18.40 18.32 18.02 18.22 18.52 18.47 18.88 19.05 19.25 19.42 19.75 19.52 20.26 20.40 20.53 20.62 21.14 21.30 21.54 21.76 21.87 21.81
16.19 16.06 15.92 15.71 15.43 15.12 14.95 14.83 14.59 14.68 14.70 14.63 14.06 14.39 14.41 14.68 14.87 15.06 15.29 15.32 15.46 15.49 15.69 15.80 15.86 15.93 16.10 16.13 16.35 16.45 16.49 16.75 16.78 16.88 16.86 17.15 17.47 17.63 17.87 18.04 18.14 18.20 18.32 18.48 18.49 18.46 18.44 18.42 18.46 18.49 18.52 18.49 18.48 18.42 18.46 18.51 18.47 18.47 18.27 18.58 18.52 18.74 19.23 19.51 19.74 19.99 20.00 19.95 20.68 20.69 20.91 21.01 21.18 21.54 21.79 22.01 22.16
16.18 16.04 15.90 15.73 15.51 15.29 15.13 14.88 14.57 14.48 14.68 14.60 14.54 14.44 14.49 14.90 15.04 15.12 15.16 15.43 15.50 15.55 15.78 15.95 15.98 16.09 16.19 16.34 16.49 16.51 16.70 16.87 17.02 17.02 17.15 17.42 17.66 17.82 17.99 18.17 18.20 18.39 18.46 18.56 18.56 18.62 18.61 18.60 18.69 18.69 18.65 18.70 18.39 18.52 18.46 18.68 18.70 18.73 18.64 18.56 17.96 18.76 19.10 19.50 19.75 20.01 20.16 20.48 20.55 20.42 21.05 21.16 21.26 21.57 21.84 21.90 22.16
16.09 15.99 15.86 15.72 15.55 15.36 15.09 14.70 14.23 14.40 14.42 14.56 14.52 14.25 14.64 14.85 15.05 15.03 15.36 15.50 15.63 15.75 15.85 16.00 16.11 16.23 16.34 16.39 16.52 16.60 16.90 17.06 17.10 17.13 17.31 17.53 17.68 17.87 18.02 18.09 18.27 18.32 18.41 18.56 18.66 18.73 18.77 18.80 18.75 18.76 18.72 18.70 18.44 18.45 18.55 18.52 18.75 18.87 18.59 18.15 18.05 18.51 19.37 19.65 20.02 20.24 20.32 20.52 20.51 20.53 21.08 21.20 21.48 21.57 21.82 21.79 22.01
16.04 15.97 15.83 15.70 15.52 15.33 15.14 14.86 14.62 14.41 14.36 14.50 14.43 14.38 14.54 14.89 15.08 15.14 15.39 15.38 15.55 15.78 15.94 16.07 16.22 16.34 16.43 16.57 16.58 16.76 17.01 17.18 17.29 17.24 17.44 17.56 17.71 17.84 17.89 18.04 18.20 18.30 18.41 18.60 18.67 18.76 18.82 18.91 18.80 18.80 18.89 18.82 18.73 18.50 18.49 18.62 18.95 19.03 18.78 18.50 18.86 18.56 18.77 19.43 19.96 20.26 20.31 20.55 20.60 20.70 21.17 21.20 21.43 21.59 21.77 21.94 21.70
16.05 15.92 15.79 15.63 15.46 15.27 15.09 14.86 14.58 14.44 14.31 14.09 14.35 14.47 14.73 14.79 15.00 15.20 15.30 15.32 15.44 15.57 15.89 16.09 16.25 16.44 16.58 16.61 16.68 16.81 17.08 17.29 17.33 17.41 17.59 17.60 17.70 17.96 18.09 18.19 18.15 18.36 18.39 18.56 18.62 18.80 18.82 18.88 18.84 18.89 18.91 18.84 18.74 18.54 18.56 18.61 19.09 19.18 19.20 18.96 18.50 18.64 19.17 18.95 19.88 20.28 20.07 20.49 20.36 20.74 21.03 21.19 21.32 21.52 21.73 21.88 21.88
16.02 15.88 15.70 15.57 15.40 15.20 14.93 14.78 14.60 14.46 14.12 14.34 14.28 14.40 14.46 14.68 15.02 15.22 15.15 15.33 15.58 15.77 15.94 16.01 16.18 16.32 16.65 16.78 16.93 16.99 17.09 17.38 17.47 17.56 17.60 17.64 17.74 17.89 17.97 18.11 18.33 18.40 18.47 18.57 18.74 18.80 18.90 18.83 18.90 18.89 18.97 18.93 18.82 18.83 18.72 18.67 19.08 19.02 19.31 19.25 19.11 18.98 19.34 18.84 19.75 20.14 20.43 20.29 19.94 20.60 20.81 20.87 21.24 21.43 21.69 21.82 21.76
15.94 15.83 15.62 15.43 15.33 15.15 14.91 14.59 14.43 14.33 14.24 14.22 14.31 14.34 14.55 14.83 15.03 15.13 15.15 15.28 15.42 15.54 15.80 16.06 16.28 16.45 16.55 16.83 17.02 17.04 17.22 17.33 17.57 17.66 17.68 17.81 17.81 17.71 17.80 18.18 18.22 18.45 18.55 18.60 18.79 18.80 18.82 18.85 18.85 18.88 18.97 18.97 18.98 19.04 19.06 18.88 18.78 19.31 19.40 19.40 19.32 19.04 19.37 19.36 19.93 20.27 20.34 20.15 20.12 20.07 20.58 20.95 20.98 21.32 21.53 21.58 21.87
15.91 15.73 15.52 15.35 15.25 15.04 14.80 14.60 14.33 14.14 14.12 13.95 14.00 13.98 14.40 14.69 14.93 15.02 15.22 15.42 15.57 15.66 15.98 15.98 16.12 16.40 16.55 16.80 17.07 17.13 17.23 17.43 17.54 17.62 17.76 17.79 17.91 17.64 17.70 18.03 18.21 18.49 18.52 18.66 18.67 18.74 18.71 18.80 18.81 18.86 18.94 18.92 19.00 19.10 19.21 19.03 19.23 19.49 19.52 19.55 19.53 19.31 19.36 19.68 19.59 20.29 20.17 19.93 20.29 20.06 20.32 20.75 21.06 21.05 21.31 21.64 21.79
15.84 15.62 15.44 15.24 15.15 14.87 14.68 14.45 14.23 14.09 13.80 13.01 13.42 13.57 14.21 14.49 14.12 15.02 15.04 15.39 15.48 15.65 15.85 16.14 16.36 16.50 16.43 16.83 17.08 17.24 17.38 17.46 17.53 17.64 17.82 17.91 17.73 17.91 17.62 17.96 18.15 18.48 18.40 18.47 18.64 18.63 18.71 18.68 18.78 18.82 18.86 18.85 19.06 19.10 19.23 19.27 19.36 19.46 19.51 19.58 19.44 19.57 19.23 19.65 19.79 20.04 20.33 20.39 20.52 20.57 20.34 20.33 20.70 20.93 21.29 21.45 21.69
15.78 15.52 15.31 15.22 15.01 14.80 14.45 14.25 14.08 14.02 13.52 13.12 12.91 13.22 14.22 14.32 14.74 14.62 15.32 15.50 15.65 15.74 16.02 16.19 16.36 16.50 16.66 16.81 17.09 17.25 17.40 17.54 17.63 17.73 17.82 17.90 18.00 17.98 17.88 18.10 18.31 18.39 18.43 18.39 18.48 18.61 18.57 18.63 18.70 18.80 18.82 18.87 18.98 19.12 19.20 19.32 19.34 19.40 19.24 19.66 19.69 19.59 19.04 19.66 19.88 20.13 20.24 20.40 20.42 20.36 19.88 20.20 20.65 20.82 20.99 21.39 21.45
15.64 15.41 15.18 15.06 14.87 14.51 14.37 14.07 13.96 13.87 13.82 13.63 13.13 13.12 13.69 13.82 14.68 14.60 15.12 15.35 15.56 15.64 15.95 16.08 16.30 16.53 16.68 16.83 17.02 17.16 17.39 17.52 17.60 17.68 17.77 17.84 17.95 18.03 17.97 18.07 18.14 18.23 18.27 18.36 18.38 18.42 18.44 18.51 18.63 18.76 18.90 18.98 18.95 19.09 19.18 19.26 19.36 19.41 19.43 19.58 19.69 19.70 19.43 19.65 19.91 19.54 20.06 20.32 20.35 20.06 20.47 20.63 20.66 20.95 20.99 20.78 21.30
15.47 15.32 15.08 14.94 14.75 14.47 14.12 13.87 13.87 13.74 13.66 12.97 12.67 12.62 13.57 13.45 14.09 15.06 14.96 15.20 15.34 15.59 15.82 16.04 16.18 16.36 16.52 16.63 16.79 17.20 17.36 17.43 17.50 17.53 17.66 17.72 17.84 17.97 18.08 18.11 17.86 18.07 18.08 18.24 18.28 18.38 18.33 18.36 18.53 18.65 18.78 18.90 18.99 19.07 19.16 19.20 19.28 19.34 19.20 19.46 19.57 19.68 19.75 19.51 19.72 20.02 20.11 20.30 20.10 19.92 20.15 20.20 20.35 20.59 20.26 20.64 21.00
