minave_2016042020160420.grid
ncols 886
nrows 691
xllcenter 112.0000
yllcenter -44.5000
cellsize 0.0500
nodata_value 99999.90
[rows 408 to 441 of 691, columns 693 to 769 of 886]
11.34 11.23 11.13 10.95 10.84 10.77 10.74 10.62 10.51 10.41 10.29 10.16 10.01 9.87 9.72 9.59 9.45 9.31 9.20 9.09 8.99 8.91 8.85 8.79 8.77 8.73 8.71 8.71 8.71 8.70 8.72 8.72 8.74 8.74 8.76 8.78 8.81 8.86 8.90 8.97 9.03 9.11 9.21 9.33 9.44 9.57 9.69 9.80 9.91 10.02 10.08 10.16 10.20 10.23 10.25 10.25 10.24 10.25 10.31 10.34 10.36 10.46 10.41 10.47 10.57 10.59 10.49 10.03 9.49 8.78 9.40 8.87 7.13 7.91 7.36 7.86 7.96
11.29 11.21 11.08 10.96 10.92 10.88 10.77 10.65 10.54 10.43 10.30 10.17 10.04 9.88 9.74 9.60 9.46 9.34 9.22 9.12 9.03 8.95 8.89 8.85 8.83 8.80 8.78 8.78 8.77 8.78 8.78 8.81 8.83 8.83 8.87 8.89 8.93 8.96 9.01 9.09 9.17 9.25 9.35 9.48 9.59 9.73 9.85 9.97 10.08 10.18 10.25 10.30 10.36 10.38 10.37 10.36 10.35 10.35 10.34 10.40 10.42 10.46 10.41 10.31 10.37 10.61 10.71 10.56 10.40 10.17 10.16 9.82 9.27 8.18 8.08 7.68 7.92
11.28 11.20 11.15 11.06 10.94 10.89 10.80 10.66 10.56 10.44 10.31 10.19 10.04 9.89 9.75 9.61 9.48 9.36 9.26 9.15 9.06 8.99 8.94 8.91 8.87 8.87 8.85 8.86 8.86 8.86 8.87 8.90 8.93 8.95 8.98 9.01 9.05 9.10 9.16 9.24 9.31 9.41 9.52 9.65 9.77 9.93 10.05 10.20 10.29 10.38 10.45 10.49 10.54 10.57 10.56 10.53 10.48 10.46 10.45 10.50 10.55 10.40 10.47 10.30 10.36 10.61 10.82 10.73 10.67 10.61 10.46 10.28 9.94 8.33 8.75 8.29 7.94
11.39 11.33 11.26 11.14 11.03 10.94 10.80 10.69 10.58 10.46 10.31 10.20 10.04 9.90 9.76 9.62 9.51 9.39 9.30 9.21 9.13 9.07 9.02 8.99 8.97 8.96 8.96 8.96 8.97 8.98 8.98 9.02 9.05 9.09 9.11 9.15 9.20 9.24 9.33 9.40 9.48 9.60 9.72 9.85 9.99 10.15 10.30 10.42 10.55 10.61 10.68 10.71 10.74 10.74 10.72 10.68 10.66 10.60 10.58 10.61 10.65 10.55 10.56 10.40 10.32 10.76 10.95 11.00 10.77 10.60 10.60 10.48 9.92 9.15 9.18 7.76 8.00
11.52 11.34 11.30 11.18 11.07 10.96 10.84 10.71 10.60 10.48 10.34 10.23 10.07 9.92 9.78 9.66 9.54 9.44 9.35 9.27 9.20 9.17 9.11 9.09 9.08 9.08 9.09 9.08 9.10 9.12 9.11 9.15 9.19 9.23 9.25 9.29 9.35 9.41 9.48 9.57 9.67 9.78 9.91 10.06 10.22 10.39 10.55 10.68 10.78 10.87 10.93 10.96 10.94 10.88 10.84 10.85 10.76 10.64 10.74 10.78 10.82 10.79 10.70 10.42 10.45 10.97 11.10 11.14 11.16 10.87 10.76 10.58 10.53 9.69 8.84 7.97 8.32
11.54 11.40 11.33 11.24 11.14 11.03 10.91 10.79 10.67 10.55 10.43 10.32 10.17 10.01 9.84 9.70 9.59 9.51 9.43 9.36 9.30 9.25 9.23 9.21 9.21 9.20 9.22 9.22 9.23 9.24 9.27 9.29 9.33 9.38 9.42 9.45 9.51 9.59 9.67 9.75 9.86 9.98 10.12 10.28 10.45 10.62 10.79 10.95 11.06 11.17 11.20 11.18 11.17 11.06 10.99 10.98 10.98 10.75 10.89 10.96 10.94 10.88 10.78 10.53 11.01 11.18 11.18 10.94 11.39 11.22 11.21 11.15 11.00 10.16 9.77 9.52 9.35
11.64 11.45 11.38 11.33 11.22 11.09 10.97 10.86 10.74 10.60 10.49 10.38 10.23 10.09 9.93 9.78 9.65 9.57 9.50 9.46 9.41 9.38 9.36 9.35 9.34 9.34 9.36 9.36 9.37 9.38 9.41 9.43 9.48 9.53 9.59 9.63 9.68 9.77 9.84 9.94 10.07 10.20 10.34 10.52 10.69 10.86 11.04 11.20 11.33 11.43 11.45 11.40 11.37 11.25 11.14 11.13 11.13 10.98 11.10 11.12 11.10 10.88 10.80 10.46 10.93 11.30 11.20 11.21 11.58 11.60 11.55 11.49 11.42 11.12 10.29 10.41 10.35
11.74 11.56 11.45 11.33 11.23 11.11 10.97 10.86 10.73 10.62 10.51 10.39 10.27 10.11 9.96 9.82 9.71 9.65 9.59 9.55 9.52 9.50 9.48 9.49 9.48 9.47 9.49 9.50 9.50 9.52 9.53 9.56 9.62 9.67 9.73 9.80 9.85 9.93 10.03 10.13 10.26 10.42 10.58 10.75 10.93 11.11 11.29 11.44 11.59 11.66 11.70 11.71 11.64 11.50 11.28 11.15 11.20 11.31 11.35 11.14 11.22 11.13 10.81 11.16 11.35 11.51 11.56 11.75 11.79 11.84 11.69 11.68 11.18 11.19 11.18 11.09 10.35
11.75 11.59 11.43 11.30 11.23 11.11 10.98 10.85 10.72 10.60 10.48 10.36 10.25 10.11 9.98 9.86 9.78 9.73 9.69 9.65 9.64 9.62 9.62 9.62 9.62 9.62 9.62 9.63 9.65 9.66 9.69 9.72 9.76 9.82 9.89 9.96 10.03 10.10 10.21 10.33 10.46 10.62 10.80 10.98 11.17 11.34 11.52 11.67 11.83 11.87 11.89 11.95 11.84 11.72 11.57 11.24 11.42 11.50 11.60 11.44 11.35 11.02 10.97 11.32 11.63 11.79 11.83 11.87 11.95 12.03 12.12 12.07 12.02 11.85 11.73 11.46 10.93
11.71 11.59 11.38 11.28 11.15 11.04 10.92 10.78 10.66 10.53 10.41 10.29 10.18 10.07 9.97 9.89 9.84 9.81 9.77 9.74 9.73 9.74 9.74 9.74 9.76 9.76 9.75 9.76 9.77 9.78 9.82 9.85 9.90 9.98 10.05 10.13 10.21 10.29 10.40 10.51 10.65 10.81 11.00 11.20 11.41 11.58 11.73 11.93 12.03 12.11 12.20 12.11 12.08 11.81 11.62 11.66 11.83 11.68 11.63 11.50 11.37 11.22 11.33 11.70 11.86 12.00 12.06 12.09 12.16 12.21 12.34 12.36 12.31 12.24 12.07 11.93 11.43
11.73 11.55 11.34 11.14 11.03 10.91 10.82 10.64 10.56 10.43 10.32 10.21 10.14 10.06 10.01 9.96 9.91 9.88 9.85 9.85 9.84 9.84 9.86 9.87 9.89 9.90 9.88 9.87 9.88 9.91 9.95 9.98 10.04 10.12 10.22 10.29 10.37 10.46 10.57 10.70 10.85 11.03 11.19 11.40 11.64 11.84 11.99 12.14 12.32 12.30 12.29 12.33 12.11 12.04 12.03 11.92 12.01 11.75 11.66 11.55 11.54 11.70 11.70 11.92 12.05 11.95 12.19 12.13 12.29 12.32 12.52 12.56 12.63 12.52 11.91 11.86 12.09
11.84 11.54 11.35 11.19 10.99 10.84 10.71 10.61 10.49 10.38 10.30 10.21 10.16 10.11 10.06 10.02 9.97 9.96 9.95 9.95 9.94 9.95 9.96 9.98 10.01 10.02 9.99 9.99 10.00 10.02 10.07 10.11 10.17 10.25 10.36 10.46 10.54 10.64 10.74 10.89 11.05 11.21 11.40 11.60 11.77 12.03 12.23 12.35 12.38 12.60 12.51 12.43 12.24 11.93 11.93 11.91 12.00 12.10 11.89 11.73 11.68 12.04 12.09 12.15 12.24 12.29 12.33 12.23 12.37 12.41 12.53 12.77 12.85 12.81 12.71 12.56 12.42
11.83 11.46 11.30 11.11 10.92 10.72 10.68 10.58 10.49 10.39 10.31 10.24 10.19 10.14 10.11 10.08 10.05 10.03 10.03 10.03 10.04 10.04 10.06 10.07 10.09 10.09 10.08 10.08 10.08 10.11 10.16 10.20 10.26 10.37 10.47 10.60 10.70 10.81 10.93 11.07 11.25 11.44 11.62 11.81 11.97 12.18 12.39 12.48 12.56 12.75 12.83 12.72 12.76 12.29 11.94 12.08 12.37 12.04 12.16 11.62 12.13 12.32 12.33 12.36 12.40 12.42 12.42 12.22 12.41 12.21 12.42 12.49 12.69 13.03 12.90 12.74 12.59
11.81 11.47 11.26 11.12 10.90 10.69 10.67 10.57 10.50 10.41 10.33 10.27 10.22 10.19 10.16 10.15 10.13 10.12 10.10 10.12 10.12 10.12 10.14 10.15 10.16 10.17 10.16 10.15 10.16 10.19 10.24 10.32 10.37 10.46 10.56 10.68 10.81 10.96 11.09 11.27 11.45 11.63 11.82 12.01 12.15 12.12 12.51 12.44 12.67 12.85 12.85 12.97 12.65 12.25 12.28 12.31 12.52 12.05 12.17 11.86 12.25 12.43 12.25 12.45 12.53 12.53 12.48 12.44 11.96 12.10 11.30 12.55 13.08 13.07 12.98 12.85 12.71
11.80 11.46 11.26 11.02 10.76 10.78 10.67 10.61 10.52 10.44 10.37 10.30 10.26 10.23 10.21 10.21 10.19 10.18 10.17 10.18 10.19 10.20 10.21 10.24 10.26 10.26 10.25 10.24 10.25 10.27 10.33 10.39 10.46 10.56 10.66 10.79 10.95 11.08 11.26 11.41 11.61 11.80 11.94 12.06 11.92 12.05 12.59 12.69 12.55 12.90 12.70 13.02 12.97 12.44 12.21 12.42 12.44 12.17 12.24 11.93 12.16 12.27 11.92 11.97 12.59 12.63 12.48 12.50 12.34 11.88 11.69 11.38 12.93 13.05 12.96 12.84 12.69
11.72 11.39 11.22 11.02 10.91 10.77 10.69 10.63 10.54 10.46 10.40 10.34 10.30 10.27 10.27 10.25 10.26 10.25 10.24 10.24 10.26 10.27 10.29 10.30 10.32 10.34 10.33 10.33 10.34 10.38 10.43 10.47 10.56 10.66 10.77 10.90 11.05 11.19 11.37 11.57 11.75 11.98 12.14 12.28 12.39 12.19 12.43 12.66 12.61 12.92 12.55 13.05 12.63 12.12 12.23 12.47 12.28 12.14 12.22 12.13 12.39 12.40 12.68 12.69 12.69 12.61 12.60 12.59 12.40 12.40 12.05 12.37 12.75 12.88 12.85 12.73 12.63
11.67 11.44 11.25 11.04 10.95 10.84 10.64 10.64 10.56 10.48 10.43 10.37 10.33 10.30 10.29 10.30 10.31 10.32 10.31 10.32 10.32 10.35 10.36 10.38 10.40 10.41 10.42 10.41 10.42 10.48 10.53 10.56 10.66 10.74 10.87 10.99 11.16 11.33 11.52 11.71 11.89 12.11 12.30 12.34 12.30 12.25 11.94 12.53 12.42 12.39 12.74 12.52 12.56 12.38 12.23 12.26 12.30 12.31 11.93 12.62 12.60 12.45 12.63 11.96 12.62 12.66 12.63 11.96 12.28 12.63 12.60 12.58 12.58 12.31 12.63 12.61 12.52
11.71 11.49 11.27 11.13 10.99 10.77 10.77 10.67 10.57 10.53 10.47 10.40 10.38 10.35 10.34 10.33 10.36 10.37 10.38 10.39 10.41 10.41 10.43 10.44 10.49 10.49 10.51 10.51 10.53 10.57 10.62 10.69 10.77 10.86 10.99 11.12 11.28 11.46 11.66 11.83 12.01 12.22 12.35 12.55 12.70 12.72 12.27 12.04 12.21 11.71 12.01 12.37 12.40 12.58 12.66 12.66 12.42 12.26 12.17 12.34 12.29 12.79 12.24 11.80 12.74 12.66 12.62 12.62 12.62 12.64 12.63 12.61 12.56 12.34 12.27 12.30 12.29
11.82 11.48 11.33 11.17 11.04 10.87 10.76 10.68 10.60 10.54 10.48 10.43 10.41 10.39 10.39 10.39 10.41 10.42 10.44 10.46 10.48 10.50 10.52 10.55 10.57 10.59 10.60 10.62 10.64 10.69 10.73 10.80 10.88 10.98 11.09 11.25 11.41 11.61 11.79 11.97 12.17 12.38 12.55 12.72 12.68 12.18 11.71 12.54 11.50 11.13 11.97 12.46 12.59 12.53 12.91 13.04 12.91 12.61 12.55 12.30 11.78 11.81 12.43 12.54 12.68 12.65 12.59 12.56 12.57 12.53 12.48 12.49 12.45 12.39 12.31 12.27 12.18
11.76 11.48 11.33 11.07 10.93 10.86 10.71 10.67 10.61 10.56 10.50 10.47 10.42 10.42 10.43 10.43 10.44 10.47 10.50 10.52 10.54 10.56 10.60 10.63 10.67 10.69 10.71 10.73 10.76 10.79 10.85 10.91 10.99 11.09 11.21 11.35 11.54 11.75 11.94 12.15 12.34 12.52 12.69 12.80 12.62 12.20 12.44 11.44 11.76 12.71 12.87 12.85 13.06 13.00 13.30 13.11 13.13 12.93 12.73 12.74 12.46 12.13 12.01 11.22 12.54 12.61 12.26 12.10 12.45 12.30 11.75 12.21 12.27 12.21 12.14 11.63 11.99
11.79 11.44 11.21 11.06 10.90 10.82 10.78 10.71 10.63 10.57 10.52 10.49 10.46 10.46 10.45 10.47 10.49 10.51 10.54 10.57 10.60 10.64 10.68 10.71 10.75 10.79 10.80 10.84 10.88 10.90 10.95 11.03 11.12 11.22 11.34 11.48 11.63 11.87 12.05 12.22 12.42 12.65 12.83 12.94 12.97 12.32 12.59 12.24 12.26 12.42 12.93 12.87 13.43 13.25 13.42 13.10 13.01 13.04 12.79 12.55 12.51 12.85 12.65 12.42 12.68 12.56 11.99 12.16 12.27 12.09 11.11 12.07 12.00 12.01 11.93 11.65 11.79
11.81 11.51 11.29 11.09 10.93 10.78 10.74 10.71 10.64 10.58 10.54 10.51 10.48 10.48 10.50 10.51 10.53 10.56 10.60 10.63 10.67 10.72 10.76 10.80 10.84 10.88 10.92 10.95 10.99 11.02 11.08 11.14 11.22 11.33 11.46 11.59 11.75 11.95 12.16 12.32 12.48 12.68 12.90 13.01 13.07 13.10 12.79 12.75 12.74 12.55 12.83 13.16 13.37 13.42 13.53 13.30 13.12 12.91 12.80 12.64 12.13 12.46 12.20 12.55 12.30 12.46 12.23 11.96 11.95 12.00 11.91 11.88 11.25 11.79 11.43 11.29 11.58
11.91 11.59 11.38 11.13 11.03 10.86 10.70 10.66 10.64 10.60 10.57 10.54 10.52 10.52 10.53 10.55 10.60 10.62 10.66 10.71 10.74 10.79 10.85 10.90 10.95 11.00 11.03 11.09 11.12 11.17 11.21 11.28 11.35 11.44 11.57 11.71 11.87 12.05 12.26 12.46 12.62 12.83 12.98 13.12 13.14 13.12 13.26 13.15 13.10 13.14 13.12 13.39 13.42 13.77 13.79 13.53 13.26 12.91 12.81 12.70 12.36 12.56 12.67 12.50 12.21 12.34 12.20 11.35 11.64 11.84 11.75 11.70 11.66 11.61 10.88 11.25 11.32
11.95 11.66 11.47 11.25 11.10 10.93 10.76 10.69 10.66 10.62 10.59 10.55 10.56 10.56 10.58 10.61 10.64 10.69 10.72 10.78 10.82 10.89 10.93 11.00 11.06 11.10 11.17 11.20 11.24 11.29 11.35 11.40 11.49 11.59 11.68 11.81 11.96 12.14 12.33 12.56 12.73 12.91 13.08 13.18 13.28 13.01 13.36 12.95 13.05 13.29 13.33 13.37 13.61 13.54 13.73 13.84 13.60 13.50 13.31 13.07 12.72 12.38 12.35 12.03 12.15 12.26 12.09 11.78 11.44 11.07 11.41 11.54 11.49 11.30 11.37 11.31 11.25
11.90 11.70 11.48 11.30 11.12 10.98 10.85 10.74 10.68 10.64 10.62 10.61 10.59 10.61 10.62 10.66 10.69 10.75 10.78 10.85 10.91 10.96 11.04 11.09 11.15 11.21 11.28 11.30 11.36 11.40 11.47 11.52 11.60 11.69 11.81 11.91 12.04 12.20 12.39 12.59 12.75 12.90 13.05 13.21 13.31 13.40 13.29 13.23 13.13 13.53 13.36 13.34 13.43 13.35 13.67 13.89 13.51 13.50 13.17 12.81 12.58 12.50 12.24 11.60 11.79 12.06 11.59 11.60 10.52 10.73 10.67 11.27 11.30 11.29 11.17 11.05 11.07
11.92 11.69 11.45 11.24 11.10 10.99 10.88 10.78 10.71 10.67 10.65 10.64 10.64 10.64 10.69 10.72 10.77 10.81 10.87 10.94 11.00 11.08 11.16 11.22 11.25 11.31 11.39 11.44 11.49 11.55 11.60 11.65 11.73 11.81 11.90 12.02 12.15 12.28 12.43 12.58 12.77 12.91 13.04 13.09 13.30 13.34 13.24 13.20 13.27 13.56 13.37 13.31 13.62 13.58 13.94 13.73 13.61 13.31 13.08 13.08 12.69 12.53 12.01 11.46 10.98 11.78 9.86 11.13 10.85 9.81 10.89 10.24 11.10 11.09 10.64 10.91 10.86
11.91 11.68 11.42 11.11 11.08 10.99 10.88 10.81 10.75 10.71 10.70 10.69 10.70 10.70 10.74 10.79 10.84 10.90 10.96 11.03 11.10 11.17 11.24 11.33 11.40 11.46 11.51 11.56 11.63 11.68 11.73 11.78 11.85 11.92 12.01 12.10 12.16 12.31 12.48 12.58 12.72 12.87 12.97 13.11 13.29 13.15 13.13 13.37 13.54 13.47 13.52 13.58 13.70 13.94 13.74 13.29 13.41 13.28 12.84 12.46 12.56 12.31 11.84 11.28 10.65 10.48 9.37 9.23 8.72 8.49 10.56 10.59 10.68 10.80 10.22 10.69 10.58
11.84 11.62 11.35 11.14 11.06 11.00 10.89 10.83 10.79 10.75 10.74 10.73 10.72 10.76 10.81 10.85 10.92 10.99 11.04 11.12 11.20 11.28 11.37 11.43 11.50 11.56 11.65 11.72 11.77 11.82 11.87 11.92 11.97 12.03 12.09 12.13 12.17 12.27 12.43 12.58 12.75 12.88 13.02 13.07 13.29 13.17 13.11 13.48 13.45 13.74 13.58 13.65 13.85 13.62 13.60 13.61 13.30 13.05 12.96 12.68 12.33 11.96 11.80 11.70 11.08 10.82 10.05 9.55 8.72 8.46 9.23 10.18 10.57 10.46 10.29 9.98 9.96
11.82 11.59 11.42 11.28 11.13 11.00 10.91 10.86 10.82 10.79 10.78 10.80 10.81 10.84 10.90 10.95 11.02 11.08 11.15 11.22 11.30 11.40 11.48 11.56 11.63 11.71 11.78 11.84 11.90 11.98 12.03 12.06 12.11 12.14 12.18 12.22 12.27 12.24 12.38 12.51 12.70 12.81 12.97 13.11 13.00 13.14 13.24 13.47 13.68 13.75 13.63 13.77 13.69 13.44 13.35 13.13 13.07 12.80 12.86 12.70 12.31 11.93 12.08 11.45 10.62 10.88 10.53 9.56 9.51 8.77 8.84 9.37 9.34 10.10 9.46 9.50 10.01
11.80 11.60 11.42 11.26 11.14 10.98 10.95 10.91 10.89 10.86 10.84 10.86 10.90 10.94 10.99 11.04 11.13 11.18 11.26 11.35 11.44 11.52 11.61 11.68 11.76 11.84 11.92 12.01 12.06 12.11 12.17 12.23 12.24 12.26 12.28 12.30 12.30 12.30 12.38 12.54 12.64 12.66 12.77 13.01 13.19 13.31 13.40 13.47 13.36 13.48 13.58 13.54 13.48 13.28 13.10 12.89 12.66 12.45 12.12 11.79 11.74 12.31 11.86 11.20 11.30 10.47 10.83 10.21 10.10 9.45 8.51 8.95 7.99 8.25 9.24 9.33 8.59
11.71 11.56 11.41 11.28 11.15 10.96 10.92 10.96 10.93 10.91 10.92 10.93 10.92 10.98 11.09 11.16 11.23 11.31 11.40 11.48 11.57 11.68 11.74 11.82 11.90 12.00 12.07 12.14 12.22 12.27 12.29 12.34 12.38 12.37 12.39 12.39 12.41 12.36 12.40 12.48 12.50 12.67 12.75 12.92 13.03 12.97 13.26 13.31 13.29 13.19 13.29 13.35 13.20 13.03 12.95 12.55 12.67 12.65 12.36 12.12 11.66 12.23 11.59 11.56 11.20 11.09 10.79 10.43 10.21 10.45 10.24 10.14 10.03 9.95 9.32 9.89 9.85
11.67 11.53 11.39 11.29 11.15 10.98 10.98 10.97 10.98 10.98 10.99 11.04 11.07 11.10 11.20 11.28 11.36 11.44 11.53 11.62 11.72 11.81 11.91 11.99 12.07 12.15 12.23 12.30 12.32 12.38 12.45 12.47 12.50 12.50 12.49 12.50 12.49 12.41 12.44 12.58 12.66 12.70 12.78 12.84 12.92 12.94 13.08 13.09 13.04 12.88 12.85 12.78 12.91 12.86 12.92 12.92 12.72 12.66 12.54 12.44 12.35 11.87 11.45 11.63 11.37 11.04 10.97 10.73 10.71 9.90 10.45 10.51 10.24 10.06 10.27 9.76 9.96
11.69 11.57 11.44 11.29 11.17 11.06 10.99 11.04 11.03 11.05 11.09 11.13 11.18 11.25 11.32 11.40 11.49 11.57 11.68 11.77 11.87 11.97 12.05 12.16 12.25 12.32 12.39 12.46 12.46 12.54 12.58 12.59 12.61 12.57 12.49 12.60 12.51 12.52 12.60 12.62 12.65 12.73 12.69 12.77 12.72 12.81 12.84 12.83 12.80 12.81 12.97 12.91 13.00 12.91 12.93 12.84 12.76 12.68 12.53 11.98 11.72 11.63 11.31 11.37 11.30 10.99 11.12 11.03 10.54 10.47 10.68 9.89 9.99 9.52 10.60 10.37 9.32
11.67 11.54 11.44 11.30 11.14 11.05 11.05 11.05 11.05 11.09 11.16 11.24 11.28 11.36 11.44 11.53 11.63 11.75 11.83 11.95 12.04 12.13 12.23 12.33 12.42 12.50 12.58 12.65 12.68 12.72 12.73 12.74 12.73 12.65 12.62 12.65 12.63 12.63 12.62 12.63 12.64 12.69 12.72 12.74 12.75 12.80 12.89 12.96 12.72 13.03 12.73 12.96 12.98 12.88 12.76 12.50 12.26 12.50 11.79 11.91 11.68 11.55 11.69 11.25 11.14 11.14 11.22 10.84 10.61 10.70 10.77 10.27 10.35 9.89 10.60 10.61 9.99
