minave_2016041920160419.grid
ncols 886
nrows 691
xllcenter 112.0000
yllcenter -44.5000
cellsize 0.0500
nodata_value 99999.90
[rows 136 to 169 of 691, columns 770 to 846 of 886]
26.41 26.44 26.47 26.50 26.54 26.56 26.59 26.62 26.64 26.67 26.69 26.72 26.74 26.77 26.79 26.82 26.84 26.86 26.88 26.90 26.91 26.93 26.94 26.94 26.93 26.92 26.91 26.89 26.88 26.87 26.86 26.86 26.85 26.83 26.82 26.81 26.80 26.79 26.77 26.76 26.75 26.74 26.73 26.71 26.70 26.69 26.67 26.66 26.65 26.63 26.61 26.60 26.58 26.54 26.51 26.49 26.45 26.43 26.41 26.38 26.36 26.33 26.31 26.30 26.28 26.27 26.24 26.24 26.22 26.21 26.20 26.19 26.18 26.18 26.17 26.17 26.18
26.40 26.43 26.45 26.48 26.51 26.54 26.56 26.59 26.62 26.65 26.68 26.70 26.73 26.75 26.77 26.80 26.82 26.84 26.86 26.88 26.89 26.91 26.92 26.90 26.89 26.88 26.87 26.86 26.85 26.85 26.84 26.83 26.81 26.80 26.79 26.78 26.77 26.75 26.74 26.73 26.72 26.70 26.69 26.68 26.67 26.66 26.64 26.62 26.61 26.59 26.57 26.56 26.53 26.51 26.48 26.45 26.42 26.39 26.37 26.34 26.32 26.30 26.28 26.26 26.24 26.22 26.21 26.19 26.19 26.17 26.17 26.16 26.15 26.15 26.14 26.14 26.13
26.38 26.41 26.44 26.47 26.49 26.52 26.55 26.57 26.60 26.62 26.65 26.67 26.70 26.72 26.74 26.77 26.80 26.82 26.83 26.85 26.86 26.88 26.88 26.87 26.86 26.85 26.85 26.84 26.83 26.82 26.80 26.79 26.78 26.77 26.76 26.75 26.73 26.72 26.71 26.70 26.69 26.67 26.66 26.65 26.62 26.61 26.60 26.59 26.56 26.55 26.54 26.51 26.50 26.48 26.44 26.42 26.39 26.36 26.33 26.30 26.28 26.26 26.24 26.22 26.20 26.19 26.18 26.16 26.15 26.13 26.13 26.12 26.11 26.10 26.10 26.09 26.10
26.35 26.38 26.41 26.44 26.48 26.50 26.53 26.56 26.58 26.61 26.63 26.66 26.68 26.70 26.73 26.75 26.77 26.79 26.81 26.82 26.84 26.85 26.85 26.84 26.83 26.83 26.82 26.80 26.79 26.78 26.77 26.76 26.75 26.74 26.73 26.71 26.70 26.69 26.68 26.66 26.65 26.63 26.62 26.60 26.59 26.58 26.56 26.54 26.53 26.51 26.49 26.47 26.46 26.43 26.41 26.38 26.35 26.32 26.30 26.27 26.25 26.22 26.20 26.18 26.16 26.15 26.13 26.12 26.10 26.10 26.08 26.08 26.07 26.07 26.06 26.06 26.05
26.34 26.37 26.39 26.42 26.45 26.48 26.50 26.53 26.55 26.59 26.61 26.64 26.66 26.68 26.71 26.73 26.75 26.77 26.78 26.80 26.82 26.83 26.82 26.80 26.80 26.78 26.78 26.77 26.76 26.75 26.74 26.73 26.71 26.70 26.69 26.68 26.67 26.65 26.63 26.62 26.61 26.60 26.58 26.57 26.55 26.54 26.52 26.50 26.49 26.46 26.45 26.43 26.40 26.39 26.37 26.33 26.31 26.28 26.25 26.23 26.20 26.18 26.16 26.14 26.13 26.10 26.09 26.07 26.07 26.05 26.04 26.04 26.03 26.03 26.02 26.02 26.01
26.31 26.34 26.38 26.40 26.43 26.46 26.48 26.51 26.54 26.56 26.58 26.61 26.63 26.65 26.68 26.70 26.72 26.73 26.75 26.77 26.78 26.79 26.78 26.77 26.76 26.75 26.74 26.73 26.72 26.71 26.70 26.68 26.67 26.66 26.65 26.64 26.62 26.61 26.60 26.59 26.58 26.56 26.54 26.53 26.51 26.49 26.48 26.47 26.44 26.42 26.41 26.38 26.36 26.34 26.32 26.29 26.27 26.24 26.21 26.18 26.16 26.14 26.11 26.10 26.08 26.06 26.05 26.03 26.02 26.01 26.00 25.99 25.99 25.98 25.98 25.97 25.97
26.29 26.32 26.35 26.38 26.40 26.43 26.46 26.49 26.52 26.54 26.57 26.59 26.61 26.63 26.66 26.68 26.69 26.71 26.73 26.74 26.76 26.76 26.75 26.74 26.73 26.72 26.71 26.70 26.68 26.67 26.66 26.65 26.64 26.63 26.61 26.60 26.59 26.58 26.57 26.54 26.53 26.52 26.51 26.48 26.47 26.46 26.44 26.42 26.40 26.38 26.36 26.34 26.32 26.29 26.27 26.25 26.22 26.19 26.16 26.14 26.12 26.09 26.07 26.05 26.03 26.01 26.00 25.99 25.97 25.97 25.95 25.95 25.93 25.93 25.92 25.92 25.92
26.27 26.30 26.33 26.36 26.39 26.41 26.44 26.46 26.49 26.51 26.54 26.57 26.58 26.61 26.64 26.65 26.67 26.69 26.70 26.72 26.73 26.73 26.71 26.70 26.69 26.68 26.67 26.66 26.65 26.64 26.63 26.62 26.61 26.59 26.58 26.57 26.55 26.54 26.52 26.51 26.50 26.48 26.46 26.45 26.43 26.42 26.39 26.38 26.36 26.33 26.32 26.30 26.27 26.25 26.23 26.20 26.18 26.14 26.12 26.10 26.07 26.05 26.03 26.00 25.99 25.97 25.95 25.94 25.93 25.91 25.90 25.89 25.89 25.88 25.88 25.87 25.87
26.25 26.28 26.31 26.33 26.36 26.39 26.42 26.45 26.47 26.49 26.52 26.54 26.56 26.58 26.60 26.62 26.64 26.65 26.67 26.68 26.69 26.69 26.68 26.67 26.66 26.65 26.64 26.63 26.62 26.61 26.59 26.57 26.56 26.55 26.54 26.53 26.51 26.50 26.49 26.47 26.45 26.44 26.42 26.41 26.39 26.37 26.35 26.34 26.31 26.29 26.27 26.25 26.23 26.21 26.17 26.15 26.12 26.10 26.07 26.04 26.02 26.00 25.97 25.96 25.93 25.92 25.90 25.89 25.87 25.86 25.85 25.84 25.83 25.83 25.82 25.82 25.81
26.22 26.26 26.29 26.31 26.34 26.37 26.39 26.42 26.44 26.46 26.50 26.52 26.54 26.56 26.58 26.60 26.61 26.63 26.64 26.66 26.66 26.65 26.64 26.63 26.62 26.61 26.59 26.58 26.57 26.56 26.55 26.54 26.53 26.52 26.50 26.49 26.47 26.46 26.45 26.43 26.41 26.40 26.39 26.36 26.35 26.33 26.30 26.29 26.27 26.25 26.22 26.20 26.18 26.15 26.13 26.11 26.07 26.05 26.02 25.99 25.96 25.94 25.92 25.90 25.88 25.86 25.85 25.83 25.82 25.80 25.80 25.79 25.78 25.78 25.77 25.76 25.76
26.21 26.23 26.26 26.29 26.31 26.35 26.37 26.40 26.42 26.44 26.47 26.49 26.51 26.53 26.55 26.56 26.58 26.59 26.61 26.62 26.62 26.61 26.60 26.59 26.58 26.57 26.56 26.55 26.54 26.53 26.52 26.50 26.48 26.47 26.46 26.45 26.44 26.42 26.40 26.39 26.38 26.36 26.34 26.32 26.31 26.28 26.26 26.25 26.22 26.20 26.18 26.16 26.13 26.11 26.08 26.05 26.03 25.99 25.97 25.93 25.91 25.89 25.86 25.85 25.82 25.81 25.80 25.78 25.77 25.75 25.74 25.73 25.73 25.72 25.71 25.71 25.70
26.18 26.21 26.24 26.27 26.29 26.32 26.34 26.37 26.39 26.41 26.45 26.47 26.49 26.51 26.52 26.54 26.55 26.57 26.58 26.59 26.58 26.58 26.57 26.56 26.55 26.54 26.53 26.50 26.49 26.48 26.47 26.46 26.45 26.44 26.43 26.40 26.39 26.38 26.37 26.34 26.33 26.31 26.30 26.27 26.26 26.24 26.22 26.19 26.18 26.16 26.13 26.11 26.09 26.05 26.03 26.01 25.97 25.95 25.91 25.89 25.86 25.83 25.81 25.78 25.77 25.74 25.73 25.71 25.70 25.70 25.68 25.68 25.66 25.66 25.65 25.65 25.65
26.16 26.19 26.21 26.24 26.27 26.30 26.33 26.35 26.37 26.39 26.42 26.44 26.46 26.47 26.49 26.51 26.53 26.54 26.55 26.55 26.55 26.54 26.52 26.51 26.50 26.49 26.48 26.47 26.46 26.45 26.44 26.43 26.41 26.39 26.38 26.37 26.35 26.34 26.32 26.30 26.29 26.27 26.25 26.23 26.22 26.20 26.17 26.15 26.13 26.10 26.08 26.06 26.03 26.01 25.99 25.95 25.93 25.89 25.87 25.84 25.80 25.78 25.75 25.73 25.70 25.69 25.68 25.66 25.65 25.63 25.62 25.61 25.60 25.59 25.59 25.59 25.58
26.13 26.16 26.20 26.22 26.25 26.27 26.30 26.32 26.34 26.36 26.40 26.41 26.43 26.45 26.46 26.48 26.49 26.50 26.51 26.52 26.51 26.50 26.49 26.48 26.47 26.46 26.45 26.43 26.42 26.40 26.39 26.38 26.37 26.36 26.34 26.32 26.31 26.29 26.28 26.27 26.24 26.23 26.21 26.19 26.17 26.15 26.13 26.11 26.08 26.06 26.04 26.01 25.99 25.95 25.93 25.91 25.87 25.84 25.82 25.78 25.75 25.72 25.69 25.67 25.64 25.63 25.61 25.60 25.58 25.57 25.55 25.55 25.53 25.53 25.52 25.52 25.52
26.11 26.14 26.17 26.19 26.22 26.24 26.28 26.30 26.32 26.34 26.36 26.38 26.40 26.41 26.43 26.44 26.45 26.46 26.48 26.48 26.46 26.46 26.45 26.43 26.42 26.41 26.40 26.39 26.38 26.37 26.35 26.34 26.33 26.31 26.30 26.28 26.27 26.26 26.23 26.22 26.20 26.19 26.17 26.14 26.12 26.11 26.08 26.06 26.04 26.01 25.99 25.96 25.93 25.91 25.88 25.85 25.82 25.80 25.76 25.73 25.70 25.67 25.63 25.60 25.58 25.56 25.54 25.52 25.51 25.50 25.49 25.47 25.47 25.46 25.46 25.45 25.45
26.09 26.12 26.14 26.17 26.20 26.22 26.25 26.27 26.29 26.31 26.33 26.36 26.37 26.38 26.40 26.41 26.42 26.44 26.44 26.44 26.43 26.42 26.41 26.40 26.39 26.38 26.36 26.35 26.34 26.32 26.31 26.30 26.28 26.27 26.26 26.24 26.22 26.21 26.19 26.18 26.15 26.14 26.12 26.10 26.07 26.06 26.04 26.02 25.99 25.96 25.94 25.91 25.89 25.86 25.83 25.80 25.77 25.74 25.71 25.68 25.65 25.61 25.58 25.55 25.51 25.49 25.47 25.46 25.44 25.43 25.41 25.41 25.40 25.39 25.38 25.39 25.38
26.06 26.09 26.12 26.15 26.17 26.20 26.22 26.24 26.27 26.29 26.31 26.32 26.33 26.35 26.36 26.37 26.39 26.40 26.40 26.39 26.39 26.38 26.36 26.35 26.34 26.33 26.32 26.31 26.30 26.28 26.27 26.26 26.24 26.22 26.21 26.20 26.18 26.17 26.14 26.13 26.11 26.10 26.08 26.05 26.03 26.01 25.98 25.96 25.94 25.91 25.89 25.87 25.83 25.81 25.78 25.75 25.72 25.68 25.66 25.63 25.59 25.56 25.52 25.49 25.45 25.43 25.41 25.38 25.37 25.35 25.35 25.33 25.33 25.32 25.32 25.31 25.30
26.04 26.07 26.10 26.12 26.14 26.18 26.20 26.22 26.24 26.26 26.27 26.28 26.30 26.32 26.33 26.34 26.36 26.37 26.37 26.36 26.35 26.34 26.33 26.32 26.31 26.29 26.28 26.27 26.25 26.24 26.23 26.21 26.20 26.19 26.17 26.16 26.14 26.12 26.10 26.09 26.06 26.05 26.03 26.01 25.98 25.96 25.94 25.92 25.89 25.87 25.84 25.81 25.79 25.76 25.73 25.70 25.66 25.64 25.61 25.57 25.54 25.50 25.47 25.43 25.40 25.37 25.34 25.31 25.29 25.28 25.26 25.26 25.25 25.24 25.23 25.24 25.23
26.02 26.05 26.07 26.09 26.13 26.15 26.17 26.19 26.21 26.23 26.25 26.26 26.27 26.28 26.29 26.31 26.32 26.32 26.32 26.32 26.30 26.29 26.28 26.27 26.26 26.25 26.24 26.23 26.21 26.20 26.19 26.18 26.15 26.14 26.13 26.11 26.10 26.08 26.06 26.04 26.02 26.01 25.98 25.96 25.94 25.92 25.89 25.87 25.85 25.81 25.79 25.77 25.73 25.71 25.68 25.64 25.62 25.58 25.55 25.52 25.48 25.45 25.41 25.38 25.35 25.31 25.27 25.25 25.21 25.20 25.19 25.17 25.16 25.16 25.16 25.15 25.14
25.99 26.02 26.04 26.08 26.10 26.12 26.14 26.16 26.18 26.20 26.21 26.22 26.23 26.25 26.27 26.27 26.29 26.29 26.29 26.28 26.27 26.26 26.25 26.24 26.23 26.21 26.20 26.18 26.17 26.15 26.14 26.13 26.12 26.10 26.09 26.06 26.05 26.03 26.02 26.00 25.97 25.95 25.94 25.92 25.89 25.87 25.85 25.82 25.79 25.77 25.74 25.71 25.68 25.66 25.62 25.60 25.56 25.53 25.50 25.46 25.43 25.39 25.36 25.32 25.29 25.25 25.22 25.18 25.16 25.12 25.11 25.10 25.08 25.07 25.07 25.06 25.07
25.97 25.99 26.02 26.05 26.07 26.09 26.12 26.14 26.15 26.16 26.17 26.19 26.21 26.22 26.23 26.24 26.24 26.25 26.25 26.24 26.23 26.21 26.20 26.19 26.18 26.17 26.16 26.14 26.13 26.12 26.11 26.09 26.07 26.05 26.04 26.02 26.01 25.98 25.97 25.95 25.93 25.91 25.88 25.87 25.85 25.82 25.79 25.77 25.75 25.71 25.69 25.66 25.63 25.60 25.58 25.54 25.51 25.47 25.44 25.41 25.37 25.34 25.30 25.27 25.23 25.20 25.16 25.14 25.10 25.07 25.03 25.01 24.99 24.99 24.98 24.98 24.98
25.94 25.96 26.00 26.02 26.04 26.07 26.09 26.11 26.12 26.13 26.15 26.16 26.17 26.18 26.19 26.19 26.20 26.21 26.20 26.19 26.18 26.17 26.17 26.15 26.13 26.12 26.11 26.10 26.08 26.07 26.06 26.04 26.03 26.02 25.99 25.98 25.96 25.94 25.93 25.90 25.88 25.86 25.84 25.82 25.79 25.77 25.75 25.72 25.69 25.67 25.63 25.61 25.58 25.55 25.52 25.49 25.45 25.42 25.38 25.36 25.33 25.29 25.26 25.22 25.19 25.15 25.12 25.08 25.05 25.01 24.98 24.94 24.92 24.90 24.90 24.89 24.89
25.92 25.95 25.97 25.99 26.01 26.04 26.06 26.07 26.08 26.10 26.11 26.12 26.13 26.14 26.15 26.16 26.17 26.17 26.17 26.16 26.15 26.14 26.12 26.11 26.10 26.09 26.07 26.06 26.05 26.02 26.01 26.00 25.98 25.97 25.95 25.94 25.91 25.89 25.88 25.86 25.84 25.81 25.79 25.77 25.75 25.72 25.70 25.67 25.64 25.61 25.59 25.55 25.53 25.50 25.46 25.43 25.40 25.37 25.34 25.30 25.27 25.24 25.20 25.17 25.13 25.10 25.06 25.03 24.99 24.96 24.92 24.89 24.86 24.83 24.81 24.80 24.79
25.89 25.92 25.94 25.96 25.99 26.01 26.03 26.04 26.06 26.07 26.08 26.08 26.09 26.11 26.12 26.12 26.13 26.13 26.13 26.12 26.10 26.09 26.08 26.07 26.05 26.04 26.03 26.01 26.00 25.99 25.97 25.95 25.93 25.92 25.90 25.89 25.87 25.85 25.83 25.81 25.79 25.77 25.74 25.72 25.70 25.67 25.64 25.62 25.59 25.56 25.53 25.51 25.47 25.44 25.41 25.37 25.35 25.31 25.28 25.25 25.21 25.18 25.14 25.11 25.07 25.03 25.00 24.97 24.94 24.90 24.87 24.83 24.80 24.77 24.74 24.72 24.70
25.86 25.89 25.92 25.95 25.97 25.98 26.00 26.02 26.03 26.03 26.04 26.05 26.06 26.07 26.07 26.08 26.08 26.09 26.08 26.07 26.06 26.05 26.03 26.02 26.01 25.99 25.98 25.97 25.95 25.94 25.93 25.91 25.90 25.88 25.86 25.84 25.82 25.80 25.79 25.76 25.74 25.72 25.70 25.68 25.64 25.62 25.60 25.56 25.54 25.51 25.49 25.45 25.42 25.38 25.36 25.33 25.29 25.26 25.22 25.19 25.16 25.12 25.09 25.04 25.01 24.97 24.94 24.90 24.88 24.84 24.81 24.77 24.75 24.71 24.69 24.65 24.63
25.84 25.87 25.89 25.92 25.94 25.95 25.98 25.99 25.99 26.00 26.00 26.02 26.02 26.03 26.03 26.04 26.04 26.04 26.05 26.04 26.02 26.01 26.00 25.99 25.97 25.96 25.95 25.92 25.91 25.89 25.88 25.86 25.85 25.83 25.82 25.80 25.77 25.75 25.74 25.72 25.70 25.67 25.64 25.62 25.60 25.57 25.54 25.52 25.48 25.46 25.43 25.39 25.36 25.34 25.30 25.27 25.24 25.20 25.17 25.13 25.10 25.05 25.02 24.99 24.95 24.92 24.88 24.85 24.81 24.79 24.75 24.72 24.69 24.66 24.63 24.60 24.57
25.82 25.84 25.86 25.89 25.91 25.92 25.95 25.95 25.96 25.96 25.98 25.98 25.99 25.99 25.99 26.00 26.01 26.01 26.01 25.99 25.98 25.97 25.95 25.94 25.93 25.91 25.90 25.88 25.87 25.86 25.83 25.82 25.80 25.78 25.77 25.75 25.73 25.70 25.68 25.67 25.64 25.62 25.59 25.57 25.55 25.52 25.49 25.46 25.44 25.40 25.37 25.35 25.31 25.28 25.25 25.21 25.18 25.14 25.11 25.08 25.03 25.00 24.96 24.93 24.89 24.86 24.83 24.79 24.76 24.72 24.70 24.66 24.62 24.60 24.57 24.54 24.51
25.79 25.81 25.83 25.86 25.88 25.89 25.92 25.92 25.93 25.93 25.94 25.95 25.95 25.95 25.95 25.95 25.96 25.96 25.96 25.95 25.94 25.92 25.91 25.89 25.88 25.87 25.85 25.84 25.82 25.81 25.79 25.78 25.75 25.73 25.72 25.70 25.68 25.66 25.64 25.61 25.59 25.57 25.55 25.53 25.49 25.47 25.44 25.41 25.38 25.35 25.32 25.29 25.26 25.22 25.19 25.16 25.12 25.09 25.05 25.01 24.98 24.94 24.91 24.87 24.84 24.80 24.77 24.73 24.70 24.66 24.63 24.60 24.57 24.54 24.51 24.48 24.46
25.75 25.78 25.80 25.83 25.85 25.86 25.89 25.89 25.89 25.90 25.91 25.91 25.91 25.91 25.91 25.92 25.92 25.92 25.91 25.91 25.89 25.88 25.86 25.85 25.83 25.82 25.81 25.79 25.78 25.76 25.74 25.73 25.71 25.70 25.68 25.65 25.63 25.61 25.59 25.57 25.54 25.52 25.50 25.47 25.45 25.41 25.39 25.36 25.32 25.30 25.27 25.23 25.20 25.17 25.13 25.10 25.07 25.03 24.99 24.95 24.92 24.88 24.85 24.82 24.78 24.74 24.70 24.67 24.64 24.61 24.57 24.54 24.51 24.48 24.45 24.43 24.40
25.72 25.75 25.77 25.80 25.82 25.83 25.85 25.86 25.86 25.86 25.87 25.87 25.87 25.87 25.88 25.88 25.88 25.87 25.87 25.86 25.85 25.83 25.82 25.80 25.79 25.77 25.76 25.74 25.73 25.71 25.70 25.68 25.66 25.65 25.63 25.61 25.58 25.56 25.54 25.52 25.50 25.46 25.44 25.42 25.39 25.36 25.33 25.30 25.28 25.24 25.21 25.18 25.14 25.11 25.08 25.04 25.01 24.96 24.93 24.89 24.86 24.83 24.78 24.75 24.71 24.68 24.64 24.61 24.57 24.54 24.51 24.48 24.44 24.42 24.39 24.36 24.33
25.69 25.71 25.74 25.76 25.78 25.80 25.82 25.83 25.83 25.83 25.84 25.84 25.83 25.83 25.84 25.84 25.83 25.83 25.82 25.81 25.80 25.79 25.78 25.76 25.74 25.74 25.71 25.70 25.68 25.66 25.65 25.63 25.61 25.60 25.58 25.56 25.54 25.51 25.49 25.47 25.44 25.42 25.39 25.36 25.34 25.31 25.27 25.25 25.22 25.19 25.15 25.12 25.08 25.05 25.02 24.98 24.94 24.91 24.87 24.84 24.79 24.76 24.73 24.69 24.66 24.61 24.58 24.54 24.52 24.48 24.45 24.41 24.39 24.35 24.33 24.30 24.27
25.66 25.68 25.71 25.73 25.75 25.77 25.78 25.80 25.80 25.80 25.80 25.80 25.80 25.79 25.80 25.79 25.79 25.78 25.78 25.77 25.76 25.75 25.74 25.72 25.70 25.69 25.67 25.66 25.64 25.61 25.60 25.58 25.56 25.54 25.53 25.51 25.49 25.47 25.43 25.41 25.39 25.37 25.34 25.31 25.28 25.25 25.22 25.19 25.16 25.13 25.09 25.06 25.03 24.99 24.96 24.92 24.88 24.85 24.80 24.77 24.74 24.70 24.66 24.62 24.59 24.55 24.52 24.48 24.45 24.41 24.38 24.35 24.32 24.29 24.27 24.23 24.21
25.63 25.65 25.68 25.69 25.71 25.73 25.74 25.76 25.77 25.76 25.77 25.76 25.76 25.75 25.76 25.75 25.74 25.74 25.73 25.72 25.71 25.70 25.69 25.67 25.66 25.64 25.62 25.61 25.59 25.58 25.55 25.54 25.51 25.49 25.47 25.45 25.43 25.41 25.39 25.36 25.34 25.31 25.29 25.25 25.22 25.20 25.17 25.13 25.10 25.07 25.04 25.00 24.97 24.93 24.89 24.86 24.82 24.78 24.75 24.71 24.67 24.63 24.60 24.55 24.52 24.49 24.45 24.42 24.38 24.35 24.31 24.29 24.25 24.22 24.20 24.17 24.15
25.59 25.62 25.63 25.66 25.67 25.70 25.71 25.73 25.74 25.73 25.74 25.73 25.72 25.72 25.71 25.71 25.70 25.69 25.68 25.67 25.66 25.65 25.64 25.62 25.61 25.59 25.58 25.56 25.54 25.53 25.51 25.49 25.46 25.44 25.42 25.40 25.38 25.36 25.34 25.30 25.28 25.26 25.23 25.20 25.17 25.14 25.11 25.08 25.04 25.01 24.98 24.94 24.91 24.87 24.83 24.80 24.76 24.72 24.68 24.64 24.61 24.57 24.53 24.50 24.45 24.42 24.38 24.35 24.31 24.28 24.24 24.22 24.18 24.16 24.13 24.11 24.08
